1052718 1273035000 7.10305452703019 50.880408805449
1052718 1273035001 7.103094865894471 50.88044109179892 #INTERPOLATE POINT
1052718 1273035002 7.103135204758752 50.88047337814884 #INTERPOLATE POINT
1052718 1273035003 7.103175543623033 50.88050566449876 #INTERPOLATE POINT
1052718 1273035004 7.103215882487314 50.880537950848684 #INTERPOLATE POINT
1052718 1273035005 7.103256221351595 50.880570237198604 #INTERPOLATE POINT
1052718 1273035006 7.103296560215876 50.880602523548525 #INTERPOLATE POINT
1052718 1273035007 7.103336899080157 50.880634809898446 #INTERPOLATE POINT
1052718 1273035008 7.1033772379444375 50.88066709624837 #INTERPOLATE POINT
1052718 1273035009 7.103417576808718 50.88069938259829 #INTERPOLATE POINT
1052718 1273035010 7.103457915672999 50.88073166894821 #INTERPOLATE POINT
1052718 1273035011 7.10349825453728 50.88076395529813 #INTERPOLATE POINT
1052718 1273035012 7.103538593401561 50.88079624164805 #INTERPOLATE POINT
1052718 1273035013 7.103578932265842 50.88082852799797 #INTERPOLATE POINT
1052718 1273035014 7.103619271130123 50.88086081434789 #INTERPOLATE POINT
1052718 1273035015 7.103659609994404 50.88089310069781 #INTERPOLATE POINT
1052718 1273035016 7.103699948858685 50.88092538704773 #INTERPOLATE POINT
1052718 1273035017 7.103740287722966 50.88095767339765 #INTERPOLATE POINT
1052718 1273035018 7.1037806265872465 50.88098995974757 #INTERPOLATE POINT
1052718 1273035019 7.103820965451527 50.881022246097494 #INTERPOLATE POINT
1052718 1273035020 7.103861304315808 50.881054532447415 #INTERPOLATE POINT
1052718 1273035021 7.103901643180089 50.881086818797336 #INTERPOLATE POINT
1052718 1273035022 7.10394198204437 50.881119105147256 #INTERPOLATE POINT
1052718 1273035023 7.103982320908651 50.88115139149718 #INTERPOLATE POINT
1052718 1273035024 7.104022659772932 50.8811836778471 #INTERPOLATE POINT
1052718 1273035025 7.104062998637213 50.88121596419702 #INTERPOLATE POINT
1052718 1273035026 7.104103337501494 50.88124825054694 #INTERPOLATE POINT
1052718 1273035027 7.104143676365775 50.88128053689686 #INTERPOLATE POINT
1052718 1273035028 7.1041840152300555 50.88131282324678 #INTERPOLATE POINT
1052718 1273035029 7.104224354094336 50.8813451095967 #INTERPOLATE POINT
1052718 1273035030 7.104264692958617 50.88137739594662 #INTERPOLATE POINT
1052718 1273035031 7.104305031822898 50.88140968229654 #INTERPOLATE POINT
1052718 1273035032 7.104345370687179 50.88144196864646 #INTERPOLATE POINT
1052718 1273035033 7.10438570955146 50.881474254996384 #INTERPOLATE POINT
1052718 1273035034 7.104426048415741 50.881506541346305 #INTERPOLATE POINT
1052718 1273035035 7.104466387280022 50.881538827696225 #INTERPOLATE POINT
1052718 1273035036 7.104506726144303 50.881571114046146 #INTERPOLATE POINT
1052718 1273035037 7.104547065008584 50.88160340039607 #INTERPOLATE POINT
1052718 1273035038 7.1045874038728645 50.88163568674599 #INTERPOLATE POINT
1052718 1273035039 7.104627742737145 50.88166797309591 #INTERPOLATE POINT
1052718 1273035040 7.104668081601426 50.88170025944583 #INTERPOLATE POINT
1052718 1273035041 7.104708420465707 50.88173254579575 #INTERPOLATE POINT
1052718 1273035042 7.104748759329988 50.88176483214567 #INTERPOLATE POINT
1052718 1273035043 7.104789098194269 50.88179711849559 #INTERPOLATE POINT
1052718 1273035044 7.10482943705855 50.88182940484551 #INTERPOLATE POINT
1052718 1273035045 7.104869775922831 50.88186169119543 #INTERPOLATE POINT
1052718 1273035046 7.104910114787112 50.88189397754535 #INTERPOLATE POINT
1052718 1273035047 7.1049504536513926 50.881926263895274 #INTERPOLATE POINT
1052718 1273035048 7.1049907925156734 50.881958550245194 #INTERPOLATE POINT
1052718 1273035049 7.105031131379954 50.881990836595115 #INTERPOLATE POINT
1052718 1273035050 7.105071470244235 50.882023122945036 #INTERPOLATE POINT
1052718 1273035051 7.105111809108516 50.882055409294956 #INTERPOLATE POINT
1052718 1273035052 7.105152147972797 50.88208769564488 #INTERPOLATE POINT
1052718 1273035053 7.105192486837078 50.8821199819948 #INTERPOLATE POINT
1052718 1273035054 7.105232825701359 50.88215226834472 #INTERPOLATE POINT
1052718 1273035055 7.10527316456564 50.88218455469464 #INTERPOLATE POINT
1052718 1273035056 7.105313503429921 50.88221684104456 #INTERPOLATE POINT
1052718 1273035057 7.1053538422942015 50.88224912739448 #INTERPOLATE POINT
1052718 1273035058 7.105394181158482 50.8822814137444 #INTERPOLATE POINT
1052718 1273035059 7.105434520022763 50.88231370009432 #INTERPOLATE POINT
1052718 1273035060 7.10547485888703 50.8823459864443 #LAST INTERPOLATE POINT
1052718 1273035061 7.105469436024414 50.882359258745254 #INTERPOLATE POINT
1052718 1273035062 7.105464013161798 50.88237253104621 #INTERPOLATE POINT
1052718 1273035063 7.1054585902991825 50.88238580334716 #INTERPOLATE POINT
1052718 1273035064 7.105453167436567 50.88239907564812 #INTERPOLATE POINT
1052718 1273035065 7.105447744573951 50.88241234794907 #INTERPOLATE POINT
1052718 1273035066 7.105442321711335 50.882425620250025 #INTERPOLATE POINT
1052718 1273035067 7.105436898848719 50.88243889255098 #INTERPOLATE POINT
1052718 1273035068 7.105431475986103 50.882452164851934 #INTERPOLATE POINT
1052718 1273035069 7.105426053123487 50.88246543715289 #INTERPOLATE POINT
1052718 1273035070 7.105420630260872 50.88247870945384 #INTERPOLATE POINT
1052718 1273035071 7.105415207398256 50.8824919817548 #INTERPOLATE POINT
1052718 1273035072 7.10540978453564 50.88250525405575 #INTERPOLATE POINT
1052718 1273035073 7.105404361673024 50.882518526356705 #INTERPOLATE POINT
1052718 1273035074 7.105398938810408 50.88253179865766 #INTERPOLATE POINT
1052718 1273035075 7.105393515947792 50.882545070958614 #INTERPOLATE POINT
1052718 1273035076 7.1053880930851765 50.88255834325957 #INTERPOLATE POINT
1052718 1273035077 7.105382670222561 50.88257161556052 #INTERPOLATE POINT
1052718 1273035078 7.105377247359945 50.882584887861476 #INTERPOLATE POINT
1052718 1273035079 7.105371824497329 50.88259816016243 #INTERPOLATE POINT
1052718 1273035080 7.105366401634713 50.882611432463385 #INTERPOLATE POINT
1052718 1273035081 7.105360978772097 50.88262470476434 #INTERPOLATE POINT
1052718 1273035082 7.105355555909481 50.88263797706529 #INTERPOLATE POINT
1052718 1273035083 7.105350133046866 50.88265124936625 #INTERPOLATE POINT
1052718 1273035084 7.10534471018425 50.8826645216672 #INTERPOLATE POINT
1052718 1273035085 7.105339287321634 50.882677793968156 #INTERPOLATE POINT
1052718 1273035086 7.105333864459018 50.88269106626911 #INTERPOLATE POINT
1052718 1273035087 7.105328441596402 50.882704338570065 #INTERPOLATE POINT
1052718 1273035088 7.105323018733786 50.88271761087102 #INTERPOLATE POINT
1052718 1273035089 7.1053175958711705 50.88273088317197 #INTERPOLATE POINT
1052718 1273035090 7.105312173008555 50.88274415547293 #INTERPOLATE POINT
1052718 1273035091 7.105306750145939 50.88275742777388 #INTERPOLATE POINT
1052718 1273035092 7.105301327283323 50.882770700074836 #INTERPOLATE POINT
1052718 1273035093 7.105295904420707 50.88278397237579 #INTERPOLATE POINT
1052718 1273035094 7.105290481558091 50.882797244676745 #INTERPOLATE POINT
1052718 1273035095 7.105285058695475 50.8828105169777 #INTERPOLATE POINT
1052718 1273035096 7.10527963583286 50.88282378927865 #INTERPOLATE POINT
1052718 1273035097 7.105274212970244 50.88283706157961 #INTERPOLATE POINT
1052718 1273035098 7.105268790107628 50.88285033388056 #INTERPOLATE POINT
1052718 1273035099 7.105263367245012 50.882863606181516 #INTERPOLATE POINT
1052718 1273035100 7.105257944382396 50.88287687848247 #INTERPOLATE POINT
1052718 1273035101 7.10525252151978 50.882890150783425 #INTERPOLATE POINT
1052718 1273035102 7.1052470986571645 50.88290342308438 #INTERPOLATE POINT
1052718 1273035103 7.105241675794549 50.88291669538533 #INTERPOLATE POINT
1052718 1273035104 7.105236252931933 50.88292996768629 #INTERPOLATE POINT
1052718 1273035105 7.105230830069317 50.88294323998724 #INTERPOLATE POINT
1052718 1273035106 7.105225407206701 50.882956512288196 #INTERPOLATE POINT
1052718 1273035107 7.105219984344085 50.88296978458915 #INTERPOLATE POINT
1052718 1273035108 7.1052145614814695 50.882983056890104 #INTERPOLATE POINT
1052718 1273035109 7.105209138618854 50.88299632919106 #INTERPOLATE POINT
1052718 1273035110 7.105203715756238 50.88300960149201 #INTERPOLATE POINT
1052718 1273035111 7.105198292893622 50.88302287379297 #INTERPOLATE POINT
1052718 1273035112 7.105192870031006 50.88303614609392 #INTERPOLATE POINT
1052718 1273035113 7.10518744716839 50.883049418394876 #INTERPOLATE POINT
1052718 1273035114 7.105182024305774 50.88306269069583 #INTERPOLATE POINT
1052718 1273035115 7.1051766014431585 50.883075962996784 #INTERPOLATE POINT
1052718 1273035116 7.105171178580543 50.88308923529774 #INTERPOLATE POINT
1052718 1273035117 7.105165755717927 50.88310250759869 #INTERPOLATE POINT
1052718 1273035118 7.105160332855311 50.88311577989965 #INTERPOLATE POINT
1052718 1273035119 7.105154909992695 50.8831290522006 #INTERPOLATE POINT
1052718 1273035120 7.10514948713009 50.8831423245015 #LAST INTERPOLATE POINT
1052718 1273035121 7.10514553115307 50.8831567395139 #INTERPOLATE POINT
1052718 1273035122 7.1051415751760505 50.8831711545263 #INTERPOLATE POINT
1052718 1273035123 7.105137619199031 50.8831855695387 #INTERPOLATE POINT
1052718 1273035124 7.105133663222011 50.883199984551105 #INTERPOLATE POINT
1052718 1273035125 7.105129707244991 50.883214399563506 #INTERPOLATE POINT
1052718 1273035126 7.1051257512679715 50.88322881457591 #INTERPOLATE POINT
1052718 1273035127 7.105121795290952 50.88324322958831 #INTERPOLATE POINT
1052718 1273035128 7.105117839313932 50.88325764460071 #INTERPOLATE POINT
1052718 1273035129 7.105113883336912 50.88327205961311 #INTERPOLATE POINT
1052718 1273035130 7.1051099273598926 50.883286474625514 #INTERPOLATE POINT
1052718 1273035131 7.105105971382873 50.883300889637916 #INTERPOLATE POINT
1052718 1273035132 7.105102015405853 50.88331530465032 #INTERPOLATE POINT
1052718 1273035133 7.105098059428833 50.88332971966272 #INTERPOLATE POINT
1052718 1273035134 7.105094103451814 50.88334413467512 #INTERPOLATE POINT
1052718 1273035135 7.105090147474794 50.88335854968752 #INTERPOLATE POINT
1052718 1273035136 7.105086191497774 50.88337296469992 #INTERPOLATE POINT
1052718 1273035137 7.105082235520754 50.883387379712325 #INTERPOLATE POINT
1052718 1273035138 7.105078279543735 50.883401794724726 #INTERPOLATE POINT
1052718 1273035139 7.105074323566715 50.88341620973713 #INTERPOLATE POINT
1052718 1273035140 7.105070367589695 50.88343062474953 #INTERPOLATE POINT
1052718 1273035141 7.105066411612675 50.88344503976193 #INTERPOLATE POINT
1052718 1273035142 7.105062455635656 50.88345945477433 #INTERPOLATE POINT
1052718 1273035143 7.105058499658636 50.883473869786734 #INTERPOLATE POINT
1052718 1273035144 7.105054543681616 50.883488284799135 #INTERPOLATE POINT
1052718 1273035145 7.105050587704596 50.88350269981154 #INTERPOLATE POINT
1052718 1273035146 7.105046631727577 50.88351711482394 #INTERPOLATE POINT
1052718 1273035147 7.105042675750557 50.88353152983634 #INTERPOLATE POINT
1052718 1273035148 7.105038719773537 50.88354594484874 #INTERPOLATE POINT
1052718 1273035149 7.105034763796517 50.88356035986114 #INTERPOLATE POINT
1052718 1273035150 7.105030807819498 50.883574774873544 #INTERPOLATE POINT
1052718 1273035151 7.105026851842478 50.883589189885946 #INTERPOLATE POINT
1052718 1273035152 7.105022895865458 50.88360360489835 #INTERPOLATE POINT
1052718 1273035153 7.1050189398884385 50.88361801991075 #INTERPOLATE POINT
1052718 1273035154 7.105014983911419 50.88363243492315 #INTERPOLATE POINT
1052718 1273035155 7.105011027934399 50.88364684993555 #INTERPOLATE POINT
1052718 1273035156 7.105007071957379 50.88366126494795 #INTERPOLATE POINT
1052718 1273035157 7.1050031159803595 50.883675679960355 #INTERPOLATE POINT
1052718 1273035158 7.10499916000334 50.883690094972756 #INTERPOLATE POINT
1052718 1273035159 7.10499520402632 50.88370450998516 #INTERPOLATE POINT
1052718 1273035160 7.1049912480493 50.88371892499756 #INTERPOLATE POINT
1052718 1273035161 7.1049872920722805 50.88373334000996 #INTERPOLATE POINT
1052718 1273035162 7.104983336095261 50.88374775502236 #INTERPOLATE POINT
1052718 1273035163 7.104979380118241 50.883762170034764 #INTERPOLATE POINT
1052718 1273035164 7.104975424141221 50.883776585047165 #INTERPOLATE POINT
1052718 1273035165 7.1049714681642016 50.88379100005957 #INTERPOLATE POINT
1052718 1273035166 7.104967512187182 50.88380541507197 #INTERPOLATE POINT
1052718 1273035167 7.104963556210162 50.88381983008437 #INTERPOLATE POINT
1052718 1273035168 7.104959600233142 50.88383424509677 #INTERPOLATE POINT
1052718 1273035169 7.104955644256123 50.88384866010917 #INTERPOLATE POINT
1052718 1273035170 7.104951688279103 50.883863075121575 #INTERPOLATE POINT
1052718 1273035171 7.104947732302083 50.883877490133976 #INTERPOLATE POINT
1052718 1273035172 7.104943776325063 50.88389190514638 #INTERPOLATE POINT
1052718 1273035173 7.104939820348044 50.88390632015878 #INTERPOLATE POINT
1052718 1273035174 7.104935864371024 50.88392073517118 #INTERPOLATE POINT
1052718 1273035175 7.104931908394004 50.88393515018358 #INTERPOLATE POINT
1052718 1273035176 7.104927952416984 50.883949565195984 #INTERPOLATE POINT
1052718 1273035177 7.104923996439965 50.883963980208385 #INTERPOLATE POINT
1052718 1273035178 7.104920040462945 50.88397839522079 #INTERPOLATE POINT
1052718 1273035179 7.104916084485925 50.88399281023319 #INTERPOLATE POINT
1052718 1273035180 7.10491212850891 50.8840072252455 #LAST INTERPOLATE POINT
1052718 1273035181 7.1048628624356915 50.88413127312534 #INTERPOLATE POINT
1052718 1273035182 7.104813596362473 50.884255321005185 #INTERPOLATE POINT
1052718 1273035183 7.104764330289255 50.88437936888503 #INTERPOLATE POINT
1052718 1273035184 7.104715064216037 50.88450341676487 #INTERPOLATE POINT
1052718 1273035185 7.104665798142818 50.884627464644716 #INTERPOLATE POINT
1052718 1273035186 7.1046165320696 50.88475151252456 #INTERPOLATE POINT
1052718 1273035187 7.104567265996382 50.8848755604044 #INTERPOLATE POINT
1052718 1273035188 7.104517999923163 50.88499960828425 #INTERPOLATE POINT
1052718 1273035189 7.104468733849945 50.88512365616409 #INTERPOLATE POINT
1052718 1273035190 7.104419467776727 50.885247704043934 #INTERPOLATE POINT
1052718 1273035191 7.104370201703508 50.88537175192378 #INTERPOLATE POINT
1052718 1273035192 7.10432093563029 50.88549579980362 #INTERPOLATE POINT
1052718 1273035193 7.104271669557072 50.885619847683465 #INTERPOLATE POINT
1052718 1273035194 7.1042224034838535 50.88574389556331 #INTERPOLATE POINT
1052718 1273035195 7.104173137410635 50.88586794344315 #INTERPOLATE POINT
1052718 1273035196 7.104123871337417 50.885991991322996 #INTERPOLATE POINT
1052718 1273035197 7.1040746052641985 50.88611603920284 #INTERPOLATE POINT
1052718 1273035198 7.10402533919098 50.88624008708268 #INTERPOLATE POINT
1052718 1273035199 7.103976073117762 50.88636413496253 #INTERPOLATE POINT
1052718 1273035200 7.103926807044544 50.88648818284237 #INTERPOLATE POINT
1052718 1273035201 7.103877540971325 50.886612230722214 #INTERPOLATE POINT
1052718 1273035202 7.103828274898107 50.88673627860206 #INTERPOLATE POINT
1052718 1273035203 7.103779008824889 50.8868603264819 #INTERPOLATE POINT
1052718 1273035204 7.10372974275167 50.886984374361745 #INTERPOLATE POINT
1052718 1273035205 7.103680476678452 50.88710842224159 #INTERPOLATE POINT
1052718 1273035206 7.103631210605234 50.88723247012143 #INTERPOLATE POINT
1052718 1273035207 7.103581944532015 50.887356518001276 #INTERPOLATE POINT
1052718 1273035208 7.103532678458797 50.88748056588112 #INTERPOLATE POINT
1052718 1273035209 7.103483412385579 50.88760461376096 #INTERPOLATE POINT
1052718 1273035210 7.1034341463123605 50.88772866164081 #INTERPOLATE POINT
1052718 1273035211 7.103384880239142 50.88785270952065 #INTERPOLATE POINT
1052718 1273035212 7.103335614165924 50.887976757400494 #INTERPOLATE POINT
1052718 1273035213 7.1032863480927055 50.88810080528034 #INTERPOLATE POINT
1052718 1273035214 7.103237082019487 50.88822485316018 #INTERPOLATE POINT
1052718 1273035215 7.103187815946269 50.888348901040025 #INTERPOLATE POINT
1052718 1273035216 7.103138549873051 50.88847294891987 #INTERPOLATE POINT
1052718 1273035217 7.103089283799832 50.88859699679971 #INTERPOLATE POINT
1052718 1273035218 7.103040017726614 50.888721044679556 #INTERPOLATE POINT
1052718 1273035219 7.102990751653396 50.8888450925594 #INTERPOLATE POINT
1052718 1273035220 7.102941485580177 50.888969140439244 #INTERPOLATE POINT
1052718 1273035221 7.102892219506959 50.88909318831909 #INTERPOLATE POINT
1052718 1273035222 7.102842953433741 50.88921723619893 #INTERPOLATE POINT
1052718 1273035223 7.102793687360522 50.889341284078775 #INTERPOLATE POINT
1052718 1273035224 7.102744421287304 50.88946533195862 #INTERPOLATE POINT
1052718 1273035225 7.102695155214086 50.88958937983846 #INTERPOLATE POINT
1052718 1273035226 7.1026458891408675 50.889713427718306 #INTERPOLATE POINT
1052718 1273035227 7.102596623067649 50.88983747559815 #INTERPOLATE POINT
1052718 1273035228 7.102547356994431 50.88996152347799 #INTERPOLATE POINT
1052718 1273035229 7.1024980909212125 50.89008557135784 #INTERPOLATE POINT
1052718 1273035230 7.102448824847994 50.89020961923768 #INTERPOLATE POINT
1052718 1273035231 7.102399558774776 50.890333667117524 #INTERPOLATE POINT
1052718 1273035232 7.102350292701558 50.89045771499737 #INTERPOLATE POINT
1052718 1273035233 7.102301026628339 50.89058176287721 #INTERPOLATE POINT
1052718 1273035234 7.102251760555121 50.890705810757055 #INTERPOLATE POINT
1052718 1273035235 7.102202494481903 50.8908298586369 #INTERPOLATE POINT
1052718 1273035236 7.102153228408684 50.89095390651674 #INTERPOLATE POINT
1052718 1273035237 7.102103962335466 50.891077954396586 #INTERPOLATE POINT
1052718 1273035238 7.102054696262248 50.89120200227643 #INTERPOLATE POINT
1052718 1273035239 7.102005430189029 50.89132605015627 #INTERPOLATE POINT
1052718 1273035240 7.10195616411579 50.8914500980363 #LAST INTERPOLATE POINT
1052718 1273035241 7.101914186303794 50.89168601922313 #INTERPOLATE POINT
1052718 1273035242 7.101872208491797 50.89192194040996 #INTERPOLATE POINT
1052718 1273035243 7.101830230679801 50.892157861596786 #INTERPOLATE POINT
1052718 1273035244 7.101788252867805 50.892393782783614 #INTERPOLATE POINT
1052718 1273035245 7.101746275055809 50.89262970397044 #INTERPOLATE POINT
1052718 1273035246 7.1017042972438125 50.89286562515727 #INTERPOLATE POINT
1052718 1273035247 7.101662319431816 50.8931015463441 #INTERPOLATE POINT
1052718 1273035248 7.10162034161982 50.89333746753093 #INTERPOLATE POINT
1052718 1273035249 7.101578363807824 50.893573388717755 #INTERPOLATE POINT
1052718 1273035250 7.101536385995828 50.89380930990458 #INTERPOLATE POINT
1052718 1273035251 7.101494408183831 50.89404523109141 #INTERPOLATE POINT
1052718 1273035252 7.101452430371835 50.89428115227824 #INTERPOLATE POINT
1052718 1273035253 7.101410452559839 50.89451707346507 #INTERPOLATE POINT
1052718 1273035254 7.101368474747843 50.894752994651896 #INTERPOLATE POINT
1052718 1273035255 7.1013264969358465 50.894988915838724 #INTERPOLATE POINT
1052718 1273035256 7.10128451912385 50.89522483702555 #INTERPOLATE POINT
1052718 1273035257 7.101242541311854 50.89546075821238 #INTERPOLATE POINT
1052718 1273035258 7.101200563499858 50.89569667939921 #INTERPOLATE POINT
1052718 1273035259 7.101158585687862 50.895932600586036 #INTERPOLATE POINT
1052718 1273035260 7.101116607875865 50.896168521772864 #INTERPOLATE POINT
1052718 1273035261 7.101074630063869 50.89640444295969 #INTERPOLATE POINT
1052718 1273035262 7.101032652251873 50.89664036414652 #INTERPOLATE POINT
1052718 1273035263 7.100990674439877 50.89687628533335 #INTERPOLATE POINT
1052718 1273035264 7.1009486966278805 50.89711220652018 #INTERPOLATE POINT
1052718 1273035265 7.100906718815884 50.897348127707005 #INTERPOLATE POINT
1052718 1273035266 7.100864741003888 50.89758404889383 #INTERPOLATE POINT
1052718 1273035267 7.100822763191892 50.89781997008066 #INTERPOLATE POINT
1052718 1273035268 7.100780785379896 50.89805589126749 #INTERPOLATE POINT
1052718 1273035269 7.100738807567899 50.89829181245432 #INTERPOLATE POINT
1052718 1273035270 7.100696829755903 50.898527733641146 #INTERPOLATE POINT
1052718 1273035271 7.100654851943907 50.898763654827974 #INTERPOLATE POINT
1052718 1273035272 7.100612874131911 50.8989995760148 #INTERPOLATE POINT
1052718 1273035273 7.100570896319915 50.89923549720163 #INTERPOLATE POINT
1052718 1273035274 7.100528918507918 50.89947141838846 #INTERPOLATE POINT
1052718 1273035275 7.100486940695922 50.899707339575286 #INTERPOLATE POINT
1052718 1273035276 7.100444962883926 50.899943260762115 #INTERPOLATE POINT
1052718 1273035277 7.10040298507193 50.90017918194894 #INTERPOLATE POINT
1052718 1273035278 7.1003610072599335 50.90041510313577 #INTERPOLATE POINT
1052718 1273035279 7.100319029447937 50.9006510243226 #INTERPOLATE POINT
1052718 1273035280 7.100277051635941 50.90088694550943 #INTERPOLATE POINT
1052718 1273035281 7.100235073823945 50.901122866696255 #INTERPOLATE POINT
1052718 1273035282 7.100193096011949 50.90135878788308 #INTERPOLATE POINT
1052718 1273035283 7.100151118199952 50.90159470906991 #INTERPOLATE POINT
1052718 1273035284 7.100109140387956 50.90183063025674 #INTERPOLATE POINT
1052718 1273035285 7.10006716257596 50.90206655144357 #INTERPOLATE POINT
1052718 1273035286 7.100025184763964 50.902302472630396 #INTERPOLATE POINT
1052718 1273035287 7.0999832069519675 50.902538393817224 #INTERPOLATE POINT
1052718 1273035288 7.099941229139971 50.90277431500405 #INTERPOLATE POINT
1052718 1273035289 7.099899251327975 50.90301023619088 #INTERPOLATE POINT
1052718 1273035290 7.099857273515979 50.90324615737771 #INTERPOLATE POINT
1052718 1273035291 7.099815295703983 50.90348207856454 #INTERPOLATE POINT
1052718 1273035292 7.099773317891986 50.903717999751365 #INTERPOLATE POINT
1052718 1273035293 7.09973134007999 50.90395392093819 #INTERPOLATE POINT
1052718 1273035294 7.099689362267994 50.90418984212502 #INTERPOLATE POINT
1052718 1273035295 7.099647384455998 50.90442576331185 #INTERPOLATE POINT
1052718 1273035296 7.0996054066440015 50.90466168449868 #INTERPOLATE POINT
1052718 1273035297 7.099563428832005 50.904897605685505 #INTERPOLATE POINT
1052718 1273035298 7.099521451020009 50.90513352687233 #INTERPOLATE POINT
1052718 1273035299 7.099479473208013 50.90536944805916 #INTERPOLATE POINT
1052718 1273035300 7.09943749539604 50.905605369246 #LAST INTERPOLATE POINT
1052718 1273035301 7.099429915117591 50.90571650310431 #INTERPOLATE POINT
1052718 1273035302 7.099422334839143 50.90582763696262 #INTERPOLATE POINT
1052718 1273035303 7.099414754560694 50.90593877082093 #INTERPOLATE POINT
1052718 1273035304 7.099407174282246 50.90604990467924 #INTERPOLATE POINT
1052718 1273035305 7.099399594003797 50.906161038537554 #INTERPOLATE POINT
1052718 1273035306 7.099392013725349 50.906272172395866 #INTERPOLATE POINT
1052718 1273035307 7.0993844334469 50.90638330625418 #INTERPOLATE POINT
1052718 1273035308 7.099376853168452 50.90649444011249 #INTERPOLATE POINT
1052718 1273035309 7.099369272890003 50.9066055739708 #INTERPOLATE POINT
1052718 1273035310 7.099361692611555 50.90671670782911 #INTERPOLATE POINT
1052718 1273035311 7.099354112333106 50.906827841687424 #INTERPOLATE POINT
1052718 1273035312 7.099346532054658 50.906938975545735 #INTERPOLATE POINT
1052718 1273035313 7.099338951776209 50.90705010940405 #INTERPOLATE POINT
1052718 1273035314 7.099331371497761 50.90716124326236 #INTERPOLATE POINT
1052718 1273035315 7.099323791219312 50.90727237712067 #INTERPOLATE POINT
1052718 1273035316 7.099316210940864 50.90738351097898 #INTERPOLATE POINT
1052718 1273035317 7.099308630662415 50.90749464483729 #INTERPOLATE POINT
1052718 1273035318 7.099301050383967 50.907605778695604 #INTERPOLATE POINT
1052718 1273035319 7.099293470105518 50.907716912553916 #INTERPOLATE POINT
1052718 1273035320 7.09928588982707 50.90782804641223 #INTERPOLATE POINT
1052718 1273035321 7.099278309548621 50.90793918027054 #INTERPOLATE POINT
1052718 1273035322 7.099270729270173 50.90805031412885 #INTERPOLATE POINT
1052718 1273035323 7.099263148991724 50.90816144798716 #INTERPOLATE POINT
1052718 1273035324 7.099255568713276 50.90827258184547 #INTERPOLATE POINT
1052718 1273035325 7.099247988434827 50.908383715703785 #INTERPOLATE POINT
1052718 1273035326 7.099240408156379 50.908494849562096 #INTERPOLATE POINT
1052718 1273035327 7.09923282787793 50.90860598342041 #INTERPOLATE POINT
1052718 1273035328 7.099225247599482 50.90871711727872 #INTERPOLATE POINT
1052718 1273035329 7.099217667321033 50.90882825113703 #INTERPOLATE POINT
1052718 1273035330 7.099210087042585 50.90893938499534 #INTERPOLATE POINT
1052718 1273035331 7.0992025067641364 50.909050518853654 #INTERPOLATE POINT
1052718 1273035332 7.099194926485688 50.909161652711965 #INTERPOLATE POINT
1052718 1273035333 7.0991873462072395 50.90927278657028 #INTERPOLATE POINT
1052718 1273035334 7.099179765928791 50.90938392042859 #INTERPOLATE POINT
1052718 1273035335 7.0991721856503425 50.9094950542869 #INTERPOLATE POINT
1052718 1273035336 7.099164605371894 50.90960618814521 #INTERPOLATE POINT
1052718 1273035337 7.0991570250934455 50.90971732200352 #INTERPOLATE POINT
1052718 1273035338 7.099149444814997 50.909828455861835 #INTERPOLATE POINT
1052718 1273035339 7.0991418645365485 50.909939589720146 #INTERPOLATE POINT
1052718 1273035340 7.0991342842581 50.91005072357846 #INTERPOLATE POINT
1052718 1273035341 7.0991267039796515 50.91016185743677 #INTERPOLATE POINT
1052718 1273035342 7.099119123701203 50.91027299129508 #INTERPOLATE POINT
1052718 1273035343 7.0991115434227545 50.91038412515339 #INTERPOLATE POINT
1052718 1273035344 7.099103963144306 50.910495259011704 #INTERPOLATE POINT
1052718 1273035345 7.0990963828658575 50.910606392870015 #INTERPOLATE POINT
1052718 1273035346 7.099088802587409 50.91071752672833 #INTERPOLATE POINT
1052718 1273035347 7.0990812223089605 50.91082866058664 #INTERPOLATE POINT
1052718 1273035348 7.099073642030512 50.91093979444495 #INTERPOLATE POINT
1052718 1273035349 7.099066061752064 50.91105092830326 #INTERPOLATE POINT
1052718 1273035350 7.099058481473615 50.91116206216157 #INTERPOLATE POINT
1052718 1273035351 7.099050901195167 50.911273196019884 #INTERPOLATE POINT
1052718 1273035352 7.099043320916718 50.911384329878196 #INTERPOLATE POINT
1052718 1273035353 7.09903574063827 50.91149546373651 #INTERPOLATE POINT
1052718 1273035354 7.099028160359821 50.91160659759482 #INTERPOLATE POINT
1052718 1273035355 7.099020580081373 50.91171773145313 #INTERPOLATE POINT
1052718 1273035356 7.099012999802924 50.91182886531144 #INTERPOLATE POINT
1052718 1273035357 7.099005419524476 50.91193999916975 #INTERPOLATE POINT
1052718 1273035358 7.098997839246027 50.912051133028065 #INTERPOLATE POINT
1052718 1273035359 7.098990258967579 50.91216226688638 #INTERPOLATE POINT
1052718 1273035360 7.09898267868913 50.9122734007447 #LAST INTERPOLATE POINT
1052718 1273035361 7.098967576454251 50.91237243811399 #INTERPOLATE POINT
1052718 1273035362 7.098952474219371 50.91247147548328 #INTERPOLATE POINT
1052718 1273035363 7.0989373719844915 50.91257051285257 #INTERPOLATE POINT
1052718 1273035364 7.098922269749612 50.91266955022186 #INTERPOLATE POINT
1052718 1273035365 7.098907167514732 50.912768587591145 #INTERPOLATE POINT
1052718 1273035366 7.098892065279853 50.912867624960434 #INTERPOLATE POINT
1052718 1273035367 7.098876963044973 50.91296666232972 #INTERPOLATE POINT
1052718 1273035368 7.098861860810094 50.91306569969901 #INTERPOLATE POINT
1052718 1273035369 7.098846758575214 50.9131647370683 #INTERPOLATE POINT
1052718 1273035370 7.098831656340335 50.91326377443759 #INTERPOLATE POINT
1052718 1273035371 7.098816554105455 50.91336281180688 #INTERPOLATE POINT
1052718 1273035372 7.0988014518705755 50.913461849176166 #INTERPOLATE POINT
1052718 1273035373 7.098786349635696 50.913560886545454 #INTERPOLATE POINT
1052718 1273035374 7.098771247400816 50.91365992391474 #INTERPOLATE POINT
1052718 1273035375 7.098756145165937 50.91375896128403 #INTERPOLATE POINT
1052718 1273035376 7.098741042931057 50.91385799865332 #INTERPOLATE POINT
1052718 1273035377 7.098725940696178 50.91395703602261 #INTERPOLATE POINT
1052718 1273035378 7.098710838461298 50.9140560733919 #INTERPOLATE POINT
1052718 1273035379 7.098695736226419 50.914155110761186 #INTERPOLATE POINT
1052718 1273035380 7.098680633991539 50.914254148130475 #INTERPOLATE POINT
1052718 1273035381 7.09866553175666 50.91435318549976 #INTERPOLATE POINT
1052718 1273035382 7.09865042952178 50.91445222286905 #INTERPOLATE POINT
1052718 1273035383 7.0986353272869005 50.91455126023834 #INTERPOLATE POINT
1052718 1273035384 7.098620225052021 50.91465029760763 #INTERPOLATE POINT
1052718 1273035385 7.098605122817141 50.91474933497692 #INTERPOLATE POINT
1052718 1273035386 7.098590020582262 50.914848372346206 #INTERPOLATE POINT
1052718 1273035387 7.098574918347382 50.914947409715495 #INTERPOLATE POINT
1052718 1273035388 7.098559816112503 50.915046447084784 #INTERPOLATE POINT
1052718 1273035389 7.098544713877623 50.91514548445407 #INTERPOLATE POINT
1052718 1273035390 7.098529611642744 50.91524452182336 #INTERPOLATE POINT
1052718 1273035391 7.098514509407864 50.91534355919265 #INTERPOLATE POINT
1052718 1273035392 7.0984994071729846 50.91544259656194 #INTERPOLATE POINT
1052718 1273035393 7.098484304938105 50.91554163393123 #INTERPOLATE POINT
1052718 1273035394 7.0984692027032255 50.915640671300515 #INTERPOLATE POINT
1052718 1273035395 7.098454100468346 50.915739708669804 #INTERPOLATE POINT
1052718 1273035396 7.098438998233466 50.91583874603909 #INTERPOLATE POINT
1052718 1273035397 7.098423895998587 50.91593778340838 #INTERPOLATE POINT
1052718 1273035398 7.098408793763707 50.91603682077767 #INTERPOLATE POINT
1052718 1273035399 7.098393691528828 50.91613585814696 #INTERPOLATE POINT
1052718 1273035400 7.098378589293948 50.91623489551625 #INTERPOLATE POINT
1052718 1273035401 7.098363487059069 50.916333932885536 #INTERPOLATE POINT
1052718 1273035402 7.098348384824189 50.916432970254824 #INTERPOLATE POINT
1052718 1273035403 7.0983332825893095 50.91653200762411 #INTERPOLATE POINT
1052718 1273035404 7.09831818035443 50.9166310449934 #INTERPOLATE POINT
1052718 1273035405 7.09830307811955 50.91673008236269 #INTERPOLATE POINT
1052718 1273035406 7.098287975884671 50.91682911973198 #INTERPOLATE POINT
1052718 1273035407 7.098272873649791 50.91692815710127 #INTERPOLATE POINT
1052718 1273035408 7.098257771414912 50.917027194470556 #INTERPOLATE POINT
1052718 1273035409 7.098242669180032 50.917126231839845 #INTERPOLATE POINT
1052718 1273035410 7.098227566945153 50.91722526920913 #INTERPOLATE POINT
1052718 1273035411 7.098212464710273 50.91732430657842 #INTERPOLATE POINT
1052718 1273035412 7.098197362475394 50.91742334394771 #INTERPOLATE POINT
1052718 1273035413 7.098182260240514 50.917522381317 #INTERPOLATE POINT
1052718 1273035414 7.0981671580056345 50.91762141868629 #INTERPOLATE POINT
1052718 1273035415 7.098152055770755 50.91772045605558 #INTERPOLATE POINT
1052718 1273035416 7.098136953535875 50.917819493424865 #INTERPOLATE POINT
1052718 1273035417 7.098121851300996 50.917918530794154 #INTERPOLATE POINT
1052718 1273035418 7.098106749066116 50.91801756816344 #INTERPOLATE POINT
1052718 1273035419 7.098091646831237 50.91811660553273 #INTERPOLATE POINT
1052718 1273035420 7.09807654459634 50.9182156429022 #LAST INTERPOLATE POINT
1052718 1273035421 7.098098125278299 50.91824346670184 #INTERPOLATE POINT
1052718 1273035422 7.098119705960258 50.91827129050148 #INTERPOLATE POINT
1052718 1273035423 7.098141286642217 50.91829911430112 #INTERPOLATE POINT
1052718 1273035424 7.0981628673241755 50.91832693810076 #INTERPOLATE POINT
1052718 1273035425 7.098184448006134 50.9183547619004 #INTERPOLATE POINT
1052718 1273035426 7.098206028688093 50.918382585700044 #INTERPOLATE POINT
1052718 1273035427 7.098227609370052 50.918410409499685 #INTERPOLATE POINT
1052718 1273035428 7.098249190052011 50.91843823329933 #INTERPOLATE POINT
1052718 1273035429 7.098270770733969 50.91846605709897 #INTERPOLATE POINT
1052718 1273035430 7.098292351415928 50.91849388089861 #INTERPOLATE POINT
1052718 1273035431 7.098313932097887 50.91852170469825 #INTERPOLATE POINT
1052718 1273035432 7.098335512779846 50.91854952849789 #INTERPOLATE POINT
1052718 1273035433 7.0983570934618045 50.91857735229753 #INTERPOLATE POINT
1052718 1273035434 7.098378674143763 50.918605176097174 #INTERPOLATE POINT
1052718 1273035435 7.098400254825722 50.918632999896815 #INTERPOLATE POINT
1052718 1273035436 7.098421835507681 50.918660823696456 #INTERPOLATE POINT
1052718 1273035437 7.09844341618964 50.9186886474961 #INTERPOLATE POINT
1052718 1273035438 7.0984649968715985 50.91871647129574 #INTERPOLATE POINT
1052718 1273035439 7.098486577553557 50.91874429509538 #INTERPOLATE POINT
1052718 1273035440 7.098508158235516 50.91877211889502 #INTERPOLATE POINT
1052718 1273035441 7.098529738917475 50.91879994269466 #INTERPOLATE POINT
1052718 1273035442 7.098551319599434 50.9188277664943 #INTERPOLATE POINT
1052718 1273035443 7.098572900281392 50.918855590293944 #INTERPOLATE POINT
1052718 1273035444 7.098594480963351 50.918883414093585 #INTERPOLATE POINT
1052718 1273035445 7.09861606164531 50.91891123789323 #INTERPOLATE POINT
1052718 1273035446 7.098637642327269 50.91893906169287 #INTERPOLATE POINT
1052718 1273035447 7.098659223009228 50.91896688549251 #INTERPOLATE POINT
1052718 1273035448 7.098680803691186 50.91899470929215 #INTERPOLATE POINT
1052718 1273035449 7.098702384373145 50.91902253309179 #INTERPOLATE POINT
1052718 1273035450 7.098723965055104 50.91905035689143 #INTERPOLATE POINT
1052718 1273035451 7.098745545737063 50.91907818069107 #INTERPOLATE POINT
1052718 1273035452 7.0987671264190215 50.919106004490715 #INTERPOLATE POINT
1052718 1273035453 7.09878870710098 50.919133828290356 #INTERPOLATE POINT
1052718 1273035454 7.098810287782939 50.91916165209 #INTERPOLATE POINT
1052718 1273035455 7.098831868464898 50.91918947588964 #INTERPOLATE POINT
1052718 1273035456 7.098853449146857 50.91921729968928 #INTERPOLATE POINT
1052718 1273035457 7.0988750298288155 50.91924512348892 #INTERPOLATE POINT
1052718 1273035458 7.098896610510774 50.91927294728856 #INTERPOLATE POINT
1052718 1273035459 7.098918191192733 50.9193007710882 #INTERPOLATE POINT
1052718 1273035460 7.098939771874692 50.919328594887844 #INTERPOLATE POINT
1052718 1273035461 7.098961352556651 50.919356418687485 #INTERPOLATE POINT
1052718 1273035462 7.098982933238609 50.919384242487126 #INTERPOLATE POINT
1052718 1273035463 7.099004513920568 50.91941206628677 #INTERPOLATE POINT
1052718 1273035464 7.099026094602527 50.91943989008641 #INTERPOLATE POINT
1052718 1273035465 7.099047675284486 50.91946771388605 #INTERPOLATE POINT
1052718 1273035466 7.099069255966445 50.91949553768569 #INTERPOLATE POINT
1052718 1273035467 7.099090836648403 50.91952336148533 #INTERPOLATE POINT
1052718 1273035468 7.099112417330362 50.91955118528497 #INTERPOLATE POINT
1052718 1273035469 7.099133998012321 50.919579009084615 #INTERPOLATE POINT
1052718 1273035470 7.09915557869428 50.919606832884256 #INTERPOLATE POINT
1052718 1273035471 7.0991771593762385 50.9196346566839 #INTERPOLATE POINT
1052718 1273035472 7.099198740058197 50.91966248048354 #INTERPOLATE POINT
1052718 1273035473 7.099220320740156 50.91969030428318 #INTERPOLATE POINT
1052718 1273035474 7.099241901422115 50.91971812808282 #INTERPOLATE POINT
1052718 1273035475 7.099263482104074 50.91974595188246 #INTERPOLATE POINT
1052718 1273035476 7.099285062786032 50.9197737756821 #INTERPOLATE POINT
1052718 1273035477 7.099306643467991 50.919801599481744 #INTERPOLATE POINT
1052718 1273035478 7.09932822414995 50.919829423281385 #INTERPOLATE POINT
1052718 1273035479 7.099349804831909 50.919857247081026 #INTERPOLATE POINT
1052718 1273035480 7.09937138551387 50.9198850708807 #LAST INTERPOLATE POINT
1052718 1273035481 7.099394467331439 50.919880811255766 #INTERPOLATE POINT
1052718 1273035482 7.099417549149007 50.91987655163083 #INTERPOLATE POINT
1052718 1273035483 7.099440630966575 50.91987229200589 #INTERPOLATE POINT
1052718 1273035484 7.099463712784144 50.919868032380954 #INTERPOLATE POINT
1052718 1273035485 7.099486794601712 50.91986377275602 #INTERPOLATE POINT
1052718 1273035486 7.0995098764192806 50.91985951313108 #INTERPOLATE POINT
1052718 1273035487 7.099532958236849 50.91985525350614 #INTERPOLATE POINT
1052718 1273035488 7.099556040054417 50.919850993881205 #INTERPOLATE POINT
1052718 1273035489 7.099579121871986 50.91984673425627 #INTERPOLATE POINT
1052718 1273035490 7.099602203689554 50.91984247463133 #INTERPOLATE POINT
1052718 1273035491 7.0996252855071225 50.91983821500639 #INTERPOLATE POINT
1052718 1273035492 7.099648367324691 50.919833955381456 #INTERPOLATE POINT
1052718 1273035493 7.099671449142259 50.91982969575652 #INTERPOLATE POINT
1052718 1273035494 7.099694530959828 50.91982543613158 #INTERPOLATE POINT
1052718 1273035495 7.099717612777396 50.919821176506645 #INTERPOLATE POINT
1052718 1273035496 7.099740694594964 50.91981691688171 #INTERPOLATE POINT
1052718 1273035497 7.099763776412533 50.91981265725677 #INTERPOLATE POINT
1052718 1273035498 7.099786858230101 50.91980839763183 #INTERPOLATE POINT
1052718 1273035499 7.0998099400476695 50.919804138006896 #INTERPOLATE POINT
1052718 1273035500 7.099833021865238 50.91979987838196 #INTERPOLATE POINT
1052718 1273035501 7.099856103682806 50.91979561875702 #INTERPOLATE POINT
1052718 1273035502 7.099879185500375 50.919791359132084 #INTERPOLATE POINT
1052718 1273035503 7.099902267317943 50.91978709950715 #INTERPOLATE POINT
1052718 1273035504 7.099925349135511 50.91978283988221 #INTERPOLATE POINT
1052718 1273035505 7.09994843095308 50.91977858025727 #INTERPOLATE POINT
1052718 1273035506 7.099971512770648 50.919774320632335 #INTERPOLATE POINT
1052718 1273035507 7.099994594588217 50.9197700610074 #INTERPOLATE POINT
1052718 1273035508 7.100017676405785 50.91976580138246 #INTERPOLATE POINT
1052718 1273035509 7.100040758223353 50.919761541757524 #INTERPOLATE POINT
1052718 1273035510 7.100063840040922 50.919757282132586 #INTERPOLATE POINT
1052718 1273035511 7.10008692185849 50.91975302250765 #INTERPOLATE POINT
1052718 1273035512 7.1001100036760585 50.91974876288271 #INTERPOLATE POINT
1052718 1273035513 7.100133085493627 50.919744503257775 #INTERPOLATE POINT
1052718 1273035514 7.100156167311195 50.91974024363284 #INTERPOLATE POINT
1052718 1273035515 7.100179249128764 50.9197359840079 #INTERPOLATE POINT
1052718 1273035516 7.100202330946332 50.91973172438296 #INTERPOLATE POINT
1052718 1273035517 7.1002254127639 50.919727464758026 #INTERPOLATE POINT
1052718 1273035518 7.100248494581469 50.91972320513309 #INTERPOLATE POINT
1052718 1273035519 7.100271576399037 50.91971894550815 #INTERPOLATE POINT
1052718 1273035520 7.1002946582166055 50.919714685883214 #INTERPOLATE POINT
1052718 1273035521 7.100317740034174 50.91971042625828 #INTERPOLATE POINT
1052718 1273035522 7.100340821851742 50.91970616663334 #INTERPOLATE POINT
1052718 1273035523 7.100363903669311 50.9197019070084 #INTERPOLATE POINT
1052718 1273035524 7.100386985486879 50.919697647383465 #INTERPOLATE POINT
1052718 1273035525 7.1004100673044475 50.91969338775853 #INTERPOLATE POINT
1052718 1273035526 7.100433149122016 50.91968912813359 #INTERPOLATE POINT
1052718 1273035527 7.100456230939584 50.919684868508654 #INTERPOLATE POINT
1052718 1273035528 7.100479312757153 50.919680608883716 #INTERPOLATE POINT
1052718 1273035529 7.100502394574721 50.91967634925878 #INTERPOLATE POINT
1052718 1273035530 7.100525476392289 50.91967208963384 #INTERPOLATE POINT
1052718 1273035531 7.100548558209858 50.919667830008905 #INTERPOLATE POINT
1052718 1273035532 7.100571640027426 50.91966357038397 #INTERPOLATE POINT
1052718 1273035533 7.1005947218449945 50.91965931075903 #INTERPOLATE POINT
1052718 1273035534 7.100617803662563 50.91965505113409 #INTERPOLATE POINT
1052718 1273035535 7.100640885480131 50.919650791509156 #INTERPOLATE POINT
1052718 1273035536 7.1006639672977 50.91964653188422 #INTERPOLATE POINT
1052718 1273035537 7.100687049115268 50.91964227225928 #INTERPOLATE POINT
1052718 1273035538 7.100710130932836 50.919638012634344 #INTERPOLATE POINT
1052718 1273035539 7.100733212750405 50.91963375300941 #INTERPOLATE POINT
1052718 1273035540 7.10075629456798 50.9196294933844 #LAST INTERPOLATE POINT
1052718 1273035541 7.1008130743783155 50.91961392102 #INTERPOLATE POINT
1052718 1273035542 7.100869854188651 50.919598348655605 #INTERPOLATE POINT
1052718 1273035543 7.100926633998986 50.91958277629121 #INTERPOLATE POINT
1052718 1273035544 7.100983413809321 50.91956720392681 #INTERPOLATE POINT
1052718 1273035545 7.1010401936196565 50.91955163156241 #INTERPOLATE POINT
1052718 1273035546 7.101096973429992 50.919536059198016 #INTERPOLATE POINT
1052718 1273035547 7.101153753240327 50.91952048683362 #INTERPOLATE POINT
1052718 1273035548 7.101210533050662 50.91950491446922 #INTERPOLATE POINT
1052718 1273035549 7.1012673128609975 50.919489342104825 #INTERPOLATE POINT
1052718 1273035550 7.101324092671333 50.91947376974043 #INTERPOLATE POINT
1052718 1273035551 7.101380872481668 50.91945819737603 #INTERPOLATE POINT
1052718 1273035552 7.101437652292003 50.919442625011634 #INTERPOLATE POINT
1052718 1273035553 7.1014944321023385 50.91942705264724 #INTERPOLATE POINT
1052718 1273035554 7.101551211912674 50.91941148028284 #INTERPOLATE POINT
1052718 1273035555 7.101607991723009 50.91939590791844 #INTERPOLATE POINT
1052718 1273035556 7.101664771533344 50.919380335554045 #INTERPOLATE POINT
1052718 1273035557 7.1017215513436796 50.91936476318965 #INTERPOLATE POINT
1052718 1273035558 7.101778331154015 50.91934919082525 #INTERPOLATE POINT
1052718 1273035559 7.10183511096435 50.919333618460854 #INTERPOLATE POINT
1052718 1273035560 7.101891890774685 50.91931804609646 #INTERPOLATE POINT
1052718 1273035561 7.1019486705850206 50.91930247373206 #INTERPOLATE POINT
1052718 1273035562 7.102005450395356 50.91928690136766 #INTERPOLATE POINT
1052718 1273035563 7.102062230205691 50.919271329003266 #INTERPOLATE POINT
1052718 1273035564 7.102119010016026 50.91925575663887 #INTERPOLATE POINT
1052718 1273035565 7.1021757898263616 50.91924018427447 #INTERPOLATE POINT
1052718 1273035566 7.102232569636697 50.919224611910074 #INTERPOLATE POINT
1052718 1273035567 7.102289349447032 50.91920903954568 #INTERPOLATE POINT
1052718 1273035568 7.102346129257367 50.91919346718128 #INTERPOLATE POINT
1052718 1273035569 7.1024029090677026 50.91917789481688 #INTERPOLATE POINT
1052718 1273035570 7.102459688878038 50.919162322452486 #INTERPOLATE POINT
1052718 1273035571 7.102516468688373 50.91914675008809 #INTERPOLATE POINT
1052718 1273035572 7.102573248498708 50.91913117772369 #INTERPOLATE POINT
1052718 1273035573 7.1026300283090436 50.919115605359295 #INTERPOLATE POINT
1052718 1273035574 7.102686808119379 50.9191000329949 #INTERPOLATE POINT
1052718 1273035575 7.102743587929714 50.9190844606305 #INTERPOLATE POINT
1052718 1273035576 7.102800367740049 50.919068888266104 #INTERPOLATE POINT
1052718 1273035577 7.1028571475503846 50.91905331590171 #INTERPOLATE POINT
1052718 1273035578 7.10291392736072 50.91903774353731 #INTERPOLATE POINT
1052718 1273035579 7.102970707171055 50.91902217117291 #INTERPOLATE POINT
1052718 1273035580 7.10302748698139 50.919006598808515 #INTERPOLATE POINT
1052718 1273035581 7.1030842667917256 50.91899102644412 #INTERPOLATE POINT
1052718 1273035582 7.103141046602061 50.91897545407972 #INTERPOLATE POINT
1052718 1273035583 7.103197826412396 50.918959881715324 #INTERPOLATE POINT
1052718 1273035584 7.103254606222731 50.91894430935093 #INTERPOLATE POINT
1052718 1273035585 7.1033113860330666 50.91892873698653 #INTERPOLATE POINT
1052718 1273035586 7.103368165843402 50.91891316462213 #INTERPOLATE POINT
1052718 1273035587 7.103424945653737 50.918897592257736 #INTERPOLATE POINT
1052718 1273035588 7.103481725464072 50.91888201989334 #INTERPOLATE POINT
1052718 1273035589 7.1035385052744076 50.91886644752894 #INTERPOLATE POINT
1052718 1273035590 7.103595285084743 50.918850875164544 #INTERPOLATE POINT
1052718 1273035591 7.103652064895078 50.91883530280015 #INTERPOLATE POINT
1052718 1273035592 7.103708844705413 50.91881973043575 #INTERPOLATE POINT
1052718 1273035593 7.1037656245157486 50.91880415807135 #INTERPOLATE POINT
1052718 1273035594 7.103822404326084 50.918788585706956 #INTERPOLATE POINT
1052718 1273035595 7.103879184136419 50.91877301334256 #INTERPOLATE POINT
1052718 1273035596 7.103935963946754 50.91875744097816 #INTERPOLATE POINT
1052718 1273035597 7.10399274375709 50.918741868613765 #INTERPOLATE POINT
1052718 1273035598 7.104049523567425 50.91872629624937 #INTERPOLATE POINT
1052718 1273035599 7.10410630337776 50.91871072388497 #INTERPOLATE POINT
1052718 1273035600 7.10416308318808 50.9186951515205 #LAST INTERPOLATE POINT
1052718 1273035601 7.1042102587891565 50.918677733265135 #INTERPOLATE POINT
1052718 1273035602 7.104257434390233 50.91866031500977 #INTERPOLATE POINT
1052718 1273035603 7.104304609991309 50.9186428967544 #INTERPOLATE POINT
1052718 1273035604 7.104351785592385 50.91862547849903 #INTERPOLATE POINT
1052718 1273035605 7.1043989611934615 50.91860806024366 #INTERPOLATE POINT
1052718 1273035606 7.104446136794538 50.918590641988295 #INTERPOLATE POINT
1052718 1273035607 7.104493312395614 50.91857322373293 #INTERPOLATE POINT
1052718 1273035608 7.10454048799669 50.91855580547756 #INTERPOLATE POINT
1052718 1273035609 7.1045876635977665 50.91853838722219 #INTERPOLATE POINT
1052718 1273035610 7.104634839198843 50.918520968966824 #INTERPOLATE POINT
1052718 1273035611 7.104682014799919 50.918503550711456 #INTERPOLATE POINT
1052718 1273035612 7.104729190400995 50.91848613245609 #INTERPOLATE POINT
1052718 1273035613 7.1047763660020715 50.91846871420072 #INTERPOLATE POINT
1052718 1273035614 7.104823541603148 50.91845129594535 #INTERPOLATE POINT
1052718 1273035615 7.104870717204224 50.918433877689985 #INTERPOLATE POINT
1052718 1273035616 7.1049178928053 50.91841645943462 #INTERPOLATE POINT
1052718 1273035617 7.1049650684063765 50.91839904117925 #INTERPOLATE POINT
1052718 1273035618 7.105012244007453 50.91838162292388 #INTERPOLATE POINT
1052718 1273035619 7.105059419608529 50.918364204668514 #INTERPOLATE POINT
1052718 1273035620 7.105106595209605 50.918346786413146 #INTERPOLATE POINT
1052718 1273035621 7.105153770810682 50.91832936815778 #INTERPOLATE POINT
1052718 1273035622 7.105200946411758 50.91831194990241 #INTERPOLATE POINT
1052718 1273035623 7.105248122012834 50.91829453164704 #INTERPOLATE POINT
1052718 1273035624 7.10529529761391 50.918277113391675 #INTERPOLATE POINT
1052718 1273035625 7.105342473214987 50.91825969513631 #INTERPOLATE POINT
1052718 1273035626 7.105389648816063 50.91824227688094 #INTERPOLATE POINT
1052718 1273035627 7.105436824417139 50.91822485862557 #INTERPOLATE POINT
1052718 1273035628 7.105484000018215 50.9182074403702 #INTERPOLATE POINT
1052718 1273035629 7.105531175619292 50.918190022114835 #INTERPOLATE POINT
1052718 1273035630 7.105578351220368 50.91817260385947 #INTERPOLATE POINT
1052718 1273035631 7.105625526821444 50.9181551856041 #INTERPOLATE POINT
1052718 1273035632 7.10567270242252 50.91813776734873 #INTERPOLATE POINT
1052718 1273035633 7.105719878023597 50.918120349093364 #INTERPOLATE POINT
1052718 1273035634 7.105767053624673 50.918102930837996 #INTERPOLATE POINT
1052718 1273035635 7.105814229225749 50.91808551258263 #INTERPOLATE POINT
1052718 1273035636 7.105861404826825 50.91806809432726 #INTERPOLATE POINT
1052718 1273035637 7.105908580427902 50.91805067607189 #INTERPOLATE POINT
1052718 1273035638 7.105955756028978 50.918033257816525 #INTERPOLATE POINT
1052718 1273035639 7.106002931630054 50.91801583956116 #INTERPOLATE POINT
1052718 1273035640 7.10605010723113 50.91799842130579 #INTERPOLATE POINT
1052718 1273035641 7.106097282832207 50.91798100305042 #INTERPOLATE POINT
1052718 1273035642 7.106144458433283 50.917963584795054 #INTERPOLATE POINT
1052718 1273035643 7.106191634034359 50.917946166539686 #INTERPOLATE POINT
1052718 1273035644 7.106238809635435 50.91792874828432 #INTERPOLATE POINT
1052718 1273035645 7.106285985236512 50.91791133002895 #INTERPOLATE POINT
1052718 1273035646 7.106333160837588 50.91789391177358 #INTERPOLATE POINT
1052718 1273035647 7.106380336438664 50.917876493518214 #INTERPOLATE POINT
1052718 1273035648 7.10642751203974 50.91785907526285 #INTERPOLATE POINT
1052718 1273035649 7.106474687640817 50.91784165700748 #INTERPOLATE POINT
1052718 1273035650 7.106521863241893 50.91782423875211 #INTERPOLATE POINT
1052718 1273035651 7.106569038842969 50.91780682049674 #INTERPOLATE POINT
1052718 1273035652 7.1066162144440455 50.917789402241375 #INTERPOLATE POINT
1052718 1273035653 7.106663390045122 50.91777198398601 #INTERPOLATE POINT
1052718 1273035654 7.106710565646198 50.91775456573064 #INTERPOLATE POINT
1052718 1273035655 7.106757741247274 50.91773714747527 #INTERPOLATE POINT
1052718 1273035656 7.1068049168483505 50.917719729219904 #INTERPOLATE POINT
1052718 1273035657 7.106852092449427 50.917702310964536 #INTERPOLATE POINT
1052718 1273035658 7.106899268050503 50.91768489270917 #INTERPOLATE POINT
1052718 1273035659 7.106946443651579 50.9176674744538 #INTERPOLATE POINT
1052718 1273035660 7.10699361925263 50.9176500561983 #LAST INTERPOLATE POINT
1052718 1273035661 7.106839668995447 50.917641257813564 #INTERPOLATE POINT
1052718 1273035662 7.106685718738265 50.91763245942883 #INTERPOLATE POINT
1052718 1273035663 7.106531768481083 50.9176236610441 #INTERPOLATE POINT
1052718 1273035664 7.1063778182239 50.91761486265936 #INTERPOLATE POINT
1052718 1273035665 7.106223867966718 50.91760606427463 #INTERPOLATE POINT
1052718 1273035666 7.106069917709536 50.917597265889896 #INTERPOLATE POINT
1052718 1273035667 7.105915967452353 50.91758846750516 #INTERPOLATE POINT
1052718 1273035668 7.105762017195171 50.91757966912043 #INTERPOLATE POINT
1052718 1273035669 7.105608066937989 50.917570870735695 #INTERPOLATE POINT
1052718 1273035670 7.105454116680806 50.91756207235096 #INTERPOLATE POINT
1052718 1273035671 7.105300166423624 50.91755327396623 #INTERPOLATE POINT
1052718 1273035672 7.105146216166442 50.917544475581494 #INTERPOLATE POINT
1052718 1273035673 7.104992265909259 50.91753567719676 #INTERPOLATE POINT
1052718 1273035674 7.104838315652077 50.917526878812026 #INTERPOLATE POINT
1052718 1273035675 7.104684365394895 50.91751808042729 #INTERPOLATE POINT
1052718 1273035676 7.104530415137712 50.91750928204256 #INTERPOLATE POINT
1052718 1273035677 7.10437646488053 50.917500483657825 #INTERPOLATE POINT
1052718 1273035678 7.1042225146233475 50.91749168527309 #INTERPOLATE POINT
1052718 1273035679 7.104068564366165 50.91748288688836 #INTERPOLATE POINT
1052718 1273035680 7.103914614108983 50.917474088503624 #INTERPOLATE POINT
1052718 1273035681 7.1037606638518005 50.91746529011889 #INTERPOLATE POINT
1052718 1273035682 7.103606713594618 50.91745649173416 #INTERPOLATE POINT
1052718 1273035683 7.103452763337436 50.91744769334942 #INTERPOLATE POINT
1052718 1273035684 7.1032988130802535 50.91743889496469 #INTERPOLATE POINT
1052718 1273035685 7.103144862823071 50.917430096579956 #INTERPOLATE POINT
1052718 1273035686 7.102990912565889 50.91742129819522 #INTERPOLATE POINT
1052718 1273035687 7.102836962308706 50.91741249981049 #INTERPOLATE POINT
1052718 1273035688 7.102683012051524 50.917403701425755 #INTERPOLATE POINT
1052718 1273035689 7.102529061794342 50.91739490304102 #INTERPOLATE POINT
1052718 1273035690 7.102375111537159 50.91738610465629 #INTERPOLATE POINT
1052718 1273035691 7.102221161279977 50.917377306271554 #INTERPOLATE POINT
1052718 1273035692 7.102067211022795 50.91736850788682 #INTERPOLATE POINT
1052718 1273035693 7.101913260765612 50.91735970950209 #INTERPOLATE POINT
1052718 1273035694 7.10175931050843 50.91735091111735 #INTERPOLATE POINT
1052718 1273035695 7.101605360251248 50.91734211273262 #INTERPOLATE POINT
1052718 1273035696 7.101451409994065 50.917333314347886 #INTERPOLATE POINT
1052718 1273035697 7.101297459736883 50.91732451596315 #INTERPOLATE POINT
1052718 1273035698 7.101143509479701 50.91731571757842 #INTERPOLATE POINT
1052718 1273035699 7.100989559222518 50.917306919193685 #INTERPOLATE POINT
1052718 1273035700 7.100835608965336 50.91729812080895 #INTERPOLATE POINT
1052718 1273035701 7.100681658708154 50.91728932242422 #INTERPOLATE POINT
1052718 1273035702 7.100527708450971 50.917280524039484 #INTERPOLATE POINT
1052718 1273035703 7.100373758193789 50.91727172565475 #INTERPOLATE POINT
1052718 1273035704 7.100219807936607 50.917262927270016 #INTERPOLATE POINT
1052718 1273035705 7.100065857679424 50.91725412888528 #INTERPOLATE POINT
1052718 1273035706 7.099911907422242 50.91724533050055 #INTERPOLATE POINT
1052718 1273035707 7.0997579571650595 50.917236532115815 #INTERPOLATE POINT
1052718 1273035708 7.099604006907877 50.91722773373108 #INTERPOLATE POINT
1052718 1273035709 7.099450056650695 50.91721893534635 #INTERPOLATE POINT
1052718 1273035710 7.0992961063935125 50.917210136961614 #INTERPOLATE POINT
1052718 1273035711 7.09914215613633 50.91720133857688 #INTERPOLATE POINT
1052718 1273035712 7.098988205879148 50.91719254019215 #INTERPOLATE POINT
1052718 1273035713 7.0988342556219655 50.91718374180741 #INTERPOLATE POINT
1052718 1273035714 7.098680305364783 50.91717494342268 #INTERPOLATE POINT
1052718 1273035715 7.098526355107601 50.917166145037946 #INTERPOLATE POINT
1052718 1273035716 7.098372404850418 50.91715734665321 #INTERPOLATE POINT
1052718 1273035717 7.098218454593236 50.91714854826848 #INTERPOLATE POINT
1052718 1273035718 7.098064504336054 50.917139749883745 #INTERPOLATE POINT
1052718 1273035719 7.097910554078871 50.91713095149901 #INTERPOLATE POINT
1052718 1273035720 7.09775660382169 50.9171221531142 #LAST INTERPOLATE POINT
1052718 1273035721 7.097407339871908 50.91715885611622 #INTERPOLATE POINT
1052718 1273035722 7.097058075922126 50.917195559118234 #INTERPOLATE POINT
1052718 1273035723 7.096708811972344 50.91723226212025 #INTERPOLATE POINT
1052718 1273035724 7.096359548022562 50.91726896512227 #INTERPOLATE POINT
1052718 1273035725 7.09601028407278 50.917305668124285 #INTERPOLATE POINT
1052718 1273035726 7.095661020122998 50.9173423711263 #INTERPOLATE POINT
1052718 1273035727 7.095311756173216 50.91737907412832 #INTERPOLATE POINT
1052718 1273035728 7.094962492223434 50.91741577713034 #INTERPOLATE POINT
1052718 1273035729 7.094613228273652 50.917452480132354 #INTERPOLATE POINT
1052718 1273035730 7.09426396432387 50.91748918313437 #INTERPOLATE POINT
1052718 1273035731 7.093914700374088 50.91752588613639 #INTERPOLATE POINT
1052718 1273035732 7.093565436424306 50.917562589138406 #INTERPOLATE POINT
1052718 1273035733 7.093216172474524 50.91759929214042 #INTERPOLATE POINT
1052718 1273035734 7.092866908524742 50.91763599514244 #INTERPOLATE POINT
1052718 1273035735 7.0925176445749605 50.91767269814446 #INTERPOLATE POINT
1052718 1273035736 7.0921683806251785 50.917709401146475 #INTERPOLATE POINT
1052718 1273035737 7.0918191166753966 50.91774610414849 #INTERPOLATE POINT
1052718 1273035738 7.091469852725615 50.91778280715051 #INTERPOLATE POINT
1052718 1273035739 7.091120588775833 50.917819510152526 #INTERPOLATE POINT
1052718 1273035740 7.090771324826051 50.91785621315454 #INTERPOLATE POINT
1052718 1273035741 7.090422060876269 50.91789291615656 #INTERPOLATE POINT
1052718 1273035742 7.090072796926487 50.91792961915858 #INTERPOLATE POINT
1052718 1273035743 7.089723532976705 50.917966322160595 #INTERPOLATE POINT
1052718 1273035744 7.089374269026923 50.91800302516261 #INTERPOLATE POINT
1052718 1273035745 7.089025005077141 50.91803972816463 #INTERPOLATE POINT
1052718 1273035746 7.088675741127359 50.91807643116665 #INTERPOLATE POINT
1052718 1273035747 7.088326477177577 50.918113134168664 #INTERPOLATE POINT
1052718 1273035748 7.087977213227795 50.91814983717068 #INTERPOLATE POINT
1052718 1273035749 7.087627949278013 50.9181865401727 #INTERPOLATE POINT
1052718 1273035750 7.087278685328231 50.918223243174715 #INTERPOLATE POINT
1052718 1273035751 7.086929421378449 50.91825994617673 #INTERPOLATE POINT
1052718 1273035752 7.086580157428667 50.91829664917875 #INTERPOLATE POINT
1052718 1273035753 7.086230893478885 50.91833335218077 #INTERPOLATE POINT
1052718 1273035754 7.085881629529103 50.918370055182784 #INTERPOLATE POINT
1052718 1273035755 7.085532365579321 50.9184067581848 #INTERPOLATE POINT
1052718 1273035756 7.085183101629539 50.91844346118682 #INTERPOLATE POINT
1052718 1273035757 7.084833837679757 50.918480164188836 #INTERPOLATE POINT
1052718 1273035758 7.084484573729975 50.91851686719085 #INTERPOLATE POINT
1052718 1273035759 7.084135309780193 50.91855357019287 #INTERPOLATE POINT
1052718 1273035760 7.083786045830411 50.91859027319489 #INTERPOLATE POINT
1052718 1273035761 7.083436781880629 50.918626976196904 #INTERPOLATE POINT
1052718 1273035762 7.0830875179308475 50.91866367919892 #INTERPOLATE POINT
1052718 1273035763 7.0827382539810655 50.91870038220094 #INTERPOLATE POINT
1052718 1273035764 7.0823889900312835 50.918737085202956 #INTERPOLATE POINT
1052718 1273035765 7.082039726081502 50.91877378820497 #INTERPOLATE POINT
1052718 1273035766 7.08169046213172 50.91881049120699 #INTERPOLATE POINT
1052718 1273035767 7.081341198181938 50.91884719420901 #INTERPOLATE POINT
1052718 1273035768 7.080991934232156 50.918883897211025 #INTERPOLATE POINT
1052718 1273035769 7.080642670282374 50.91892060021304 #INTERPOLATE POINT
1052718 1273035770 7.080293406332592 50.91895730321506 #INTERPOLATE POINT
1052718 1273035771 7.07994414238281 50.918994006217076 #INTERPOLATE POINT
1052718 1273035772 7.079594878433028 50.91903070921909 #INTERPOLATE POINT
1052718 1273035773 7.079245614483246 50.91906741222111 #INTERPOLATE POINT
1052718 1273035774 7.078896350533464 50.91910411522313 #INTERPOLATE POINT
1052718 1273035775 7.078547086583682 50.919140818225145 #INTERPOLATE POINT
1052718 1273035776 7.0781978226339 50.91917752122716 #INTERPOLATE POINT
1052718 1273035777 7.077848558684118 50.91921422422918 #INTERPOLATE POINT
1052718 1273035778 7.077499294734336 50.9192509272312 #INTERPOLATE POINT
1052718 1273035779 7.077150030784554 50.919287630233214 #INTERPOLATE POINT
1052718 1273035780 7.07680076683479 50.9193243332354 #LAST INTERPOLATE POINT
1052718 1273035781 7.07643549513689 50.919363211641844 #INTERPOLATE POINT
1052718 1273035782 7.07607022343899 50.91940209004829 #INTERPOLATE POINT
1052718 1273035783 7.0757049517410895 50.91944096845473 #INTERPOLATE POINT
1052718 1273035784 7.075339680043189 50.91947984686117 #INTERPOLATE POINT
1052718 1273035785 7.074974408345289 50.919518725267615 #INTERPOLATE POINT
1052718 1273035786 7.074609136647389 50.91955760367406 #INTERPOLATE POINT
1052718 1273035787 7.074243864949489 50.9195964820805 #INTERPOLATE POINT
1052718 1273035788 7.073878593251589 50.91963536048694 #INTERPOLATE POINT
1052718 1273035789 7.073513321553689 50.919674238893386 #INTERPOLATE POINT
1052718 1273035790 7.073148049855789 50.91971311729983 #INTERPOLATE POINT
1052718 1273035791 7.0727827781578885 50.91975199570627 #INTERPOLATE POINT
1052718 1273035792 7.072417506459988 50.919790874112714 #INTERPOLATE POINT
1052718 1273035793 7.072052234762088 50.919829752519156 #INTERPOLATE POINT
1052718 1273035794 7.071686963064188 50.9198686309256 #INTERPOLATE POINT
1052718 1273035795 7.071321691366288 50.91990750933204 #INTERPOLATE POINT
1052718 1273035796 7.070956419668388 50.919946387738484 #INTERPOLATE POINT
1052718 1273035797 7.070591147970488 50.91998526614493 #INTERPOLATE POINT
1052718 1273035798 7.070225876272588 50.92002414455137 #INTERPOLATE POINT
1052718 1273035799 7.0698606045746875 50.92006302295781 #INTERPOLATE POINT
1052718 1273035800 7.069495332876787 50.920101901364255 #INTERPOLATE POINT
1052718 1273035801 7.069130061178887 50.9201407797707 #INTERPOLATE POINT
1052718 1273035802 7.068764789480987 50.92017965817714 #INTERPOLATE POINT
1052718 1273035803 7.068399517783087 50.92021853658358 #INTERPOLATE POINT
1052718 1273035804 7.068034246085187 50.920257414990026 #INTERPOLATE POINT
1052718 1273035805 7.067668974387287 50.92029629339647 #INTERPOLATE POINT
1052718 1273035806 7.067303702689387 50.92033517180291 #INTERPOLATE POINT
1052718 1273035807 7.066938430991486 50.920374050209354 #INTERPOLATE POINT
1052718 1273035808 7.066573159293586 50.9204129286158 #INTERPOLATE POINT
1052718 1273035809 7.066207887595686 50.92045180702224 #INTERPOLATE POINT
1052718 1273035810 7.065842615897786 50.92049068542868 #INTERPOLATE POINT
1052718 1273035811 7.065477344199886 50.920529563835125 #INTERPOLATE POINT
1052718 1273035812 7.065112072501986 50.92056844224157 #INTERPOLATE POINT
1052718 1273035813 7.064746800804086 50.92060732064801 #INTERPOLATE POINT
1052718 1273035814 7.0643815291061856 50.92064619905445 #INTERPOLATE POINT
1052718 1273035815 7.064016257408285 50.920685077460895 #INTERPOLATE POINT
1052718 1273035816 7.063650985710385 50.92072395586734 #INTERPOLATE POINT
1052718 1273035817 7.063285714012485 50.92076283427378 #INTERPOLATE POINT
1052718 1273035818 7.062920442314585 50.92080171268022 #INTERPOLATE POINT
1052718 1273035819 7.062555170616685 50.920840591086666 #INTERPOLATE POINT
1052718 1273035820 7.062189898918785 50.92087946949311 #INTERPOLATE POINT
1052718 1273035821 7.061824627220885 50.92091834789955 #INTERPOLATE POINT
1052718 1273035822 7.0614593555229845 50.920957226305994 #INTERPOLATE POINT
1052718 1273035823 7.061094083825084 50.92099610471244 #INTERPOLATE POINT
1052718 1273035824 7.060728812127184 50.92103498311888 #INTERPOLATE POINT
1052718 1273035825 7.060363540429284 50.92107386152532 #INTERPOLATE POINT
1052718 1273035826 7.059998268731384 50.921112739931765 #INTERPOLATE POINT
1052718 1273035827 7.059632997033484 50.92115161833821 #INTERPOLATE POINT
1052718 1273035828 7.059267725335584 50.92119049674465 #INTERPOLATE POINT
1052718 1273035829 7.058902453637684 50.92122937515109 #INTERPOLATE POINT
1052718 1273035830 7.0585371819397835 50.921268253557535 #INTERPOLATE POINT
1052718 1273035831 7.058171910241883 50.92130713196398 #INTERPOLATE POINT
1052718 1273035832 7.057806638543983 50.92134601037042 #INTERPOLATE POINT
1052718 1273035833 7.057441366846083 50.92138488877686 #INTERPOLATE POINT
1052718 1273035834 7.057076095148183 50.921423767183306 #INTERPOLATE POINT
1052718 1273035835 7.056710823450283 50.92146264558975 #INTERPOLATE POINT
1052718 1273035836 7.056345551752383 50.92150152399619 #INTERPOLATE POINT
1052718 1273035837 7.055980280054483 50.921540402402634 #INTERPOLATE POINT
1052718 1273035838 7.0556150083565825 50.92157928080908 #INTERPOLATE POINT
1052718 1273035839 7.055249736658682 50.92161815921552 #INTERPOLATE POINT
1052718 1273035840 7.05488446496077 50.921657037622 #LAST INTERPOLATE POINT
1052718 1273035841 7.05448698924945 50.92158835948477 #INTERPOLATE POINT
1052718 1273035842 7.0540895135381305 50.92151968134755 #INTERPOLATE POINT
1052718 1273035843 7.053692037826811 50.92145100321032 #INTERPOLATE POINT
1052718 1273035844 7.053294562115491 50.9213823250731 #INTERPOLATE POINT
1052718 1273035845 7.052897086404172 50.92131364693587 #INTERPOLATE POINT
1052718 1273035846 7.052499610692852 50.921244968798646 #INTERPOLATE POINT
1052718 1273035847 7.052102134981532 50.92117629066142 #INTERPOLATE POINT
1052718 1273035848 7.051704659270213 50.921107612524196 #INTERPOLATE POINT
1052718 1273035849 7.051307183558893 50.92103893438697 #INTERPOLATE POINT
1052718 1273035850 7.050909707847573 50.920970256249745 #INTERPOLATE POINT
1052718 1273035851 7.050512232136254 50.92090157811252 #INTERPOLATE POINT
1052718 1273035852 7.050114756424934 50.920832899975295 #INTERPOLATE POINT
1052718 1273035853 7.049717280713614 50.92076422183807 #INTERPOLATE POINT
1052718 1273035854 7.049319805002295 50.920695543700845 #INTERPOLATE POINT
1052718 1273035855 7.048922329290975 50.92062686556362 #INTERPOLATE POINT
1052718 1273035856 7.048524853579655 50.920558187426394 #INTERPOLATE POINT
1052718 1273035857 7.048127377868336 50.92048950928917 #INTERPOLATE POINT
1052718 1273035858 7.047729902157016 50.920420831151944 #INTERPOLATE POINT
1052718 1273035859 7.0473324264456965 50.92035215301472 #INTERPOLATE POINT
1052718 1273035860 7.046934950734377 50.92028347487749 #INTERPOLATE POINT
1052718 1273035861 7.046537475023057 50.92021479674027 #INTERPOLATE POINT
1052718 1273035862 7.0461399993117375 50.92014611860304 #INTERPOLATE POINT
1052718 1273035863 7.045742523600418 50.92007744046582 #INTERPOLATE POINT
1052718 1273035864 7.045345047889098 50.92000876232859 #INTERPOLATE POINT
1052718 1273035865 7.044947572177779 50.91994008419137 #INTERPOLATE POINT
1052718 1273035866 7.044550096466459 50.91987140605414 #INTERPOLATE POINT
1052718 1273035867 7.044152620755139 50.91980272791692 #INTERPOLATE POINT
1052718 1273035868 7.04375514504382 50.91973404977969 #INTERPOLATE POINT
1052718 1273035869 7.0433576693325 50.919665371642466 #INTERPOLATE POINT
1052718 1273035870 7.04296019362118 50.91959669350524 #INTERPOLATE POINT
1052718 1273035871 7.042562717909861 50.919528015368016 #INTERPOLATE POINT
1052718 1273035872 7.042165242198541 50.91945933723079 #INTERPOLATE POINT
1052718 1273035873 7.041767766487221 50.919390659093565 #INTERPOLATE POINT
1052718 1273035874 7.041370290775902 50.91932198095634 #INTERPOLATE POINT
1052718 1273035875 7.040972815064582 50.919253302819115 #INTERPOLATE POINT
1052718 1273035876 7.040575339353262 50.91918462468189 #INTERPOLATE POINT
1052718 1273035877 7.040177863641943 50.919115946544665 #INTERPOLATE POINT
1052718 1273035878 7.039780387930623 50.91904726840744 #INTERPOLATE POINT
1052718 1273035879 7.0393829122193035 50.918978590270214 #INTERPOLATE POINT
1052718 1273035880 7.038985436507984 50.91890991213299 #INTERPOLATE POINT
1052718 1273035881 7.038587960796664 50.918841233995764 #INTERPOLATE POINT
1052718 1273035882 7.0381904850853445 50.91877255585854 #INTERPOLATE POINT
1052718 1273035883 7.037793009374025 50.91870387772131 #INTERPOLATE POINT
1052718 1273035884 7.037395533662705 50.91863519958409 #INTERPOLATE POINT
1052718 1273035885 7.0369980579513856 50.91856652144686 #INTERPOLATE POINT
1052718 1273035886 7.036600582240066 50.91849784330964 #INTERPOLATE POINT
1052718 1273035887 7.036203106528746 50.91842916517241 #INTERPOLATE POINT
1052718 1273035888 7.035805630817427 50.91836048703519 #INTERPOLATE POINT
1052718 1273035889 7.035408155106107 50.91829180889796 #INTERPOLATE POINT
1052718 1273035890 7.035010679394787 50.91822313076074 #INTERPOLATE POINT
1052718 1273035891 7.034613203683468 50.91815445262351 #INTERPOLATE POINT
1052718 1273035892 7.034215727972148 50.918085774486286 #INTERPOLATE POINT
1052718 1273035893 7.033818252260828 50.91801709634906 #INTERPOLATE POINT
1052718 1273035894 7.033420776549509 50.917948418211836 #INTERPOLATE POINT
1052718 1273035895 7.033023300838189 50.91787974007461 #INTERPOLATE POINT
1052718 1273035896 7.032625825126869 50.917811061937385 #INTERPOLATE POINT
1052718 1273035897 7.03222834941555 50.91774238380016 #INTERPOLATE POINT
1052718 1273035898 7.03183087370423 50.917673705662935 #INTERPOLATE POINT
1052718 1273035899 7.0314333979929105 50.91760502752571 #INTERPOLATE POINT
1052718 1273035900 7.03103592228157 50.9175363493887 #LAST INTERPOLATE POINT
1052718 1273035901 7.030902361317166 50.91756729967567 #INTERPOLATE POINT
1052718 1273035902 7.030768800352761 50.91759824996264 #INTERPOLATE POINT
1052718 1273035903 7.030635239388356 50.91762920024961 #INTERPOLATE POINT
1052718 1273035904 7.030501678423952 50.91766015053658 #INTERPOLATE POINT
1052718 1273035905 7.030368117459547 50.917691100823546 #INTERPOLATE POINT
1052718 1273035906 7.0302345564951425 50.917722051110516 #INTERPOLATE POINT
1052718 1273035907 7.030100995530738 50.917753001397486 #INTERPOLATE POINT
1052718 1273035908 7.029967434566333 50.917783951684456 #INTERPOLATE POINT
1052718 1273035909 7.029833873601929 50.917814901971425 #INTERPOLATE POINT
1052718 1273035910 7.029700312637524 50.917845852258395 #INTERPOLATE POINT
1052718 1273035911 7.029566751673119 50.917876802545365 #INTERPOLATE POINT
1052718 1273035912 7.029433190708715 50.917907752832335 #INTERPOLATE POINT
1052718 1273035913 7.02929962974431 50.917938703119304 #INTERPOLATE POINT
1052718 1273035914 7.029166068779905 50.917969653406274 #INTERPOLATE POINT
1052718 1273035915 7.029032507815501 50.918000603693244 #INTERPOLATE POINT
1052718 1273035916 7.028898946851096 50.918031553980214 #INTERPOLATE POINT
1052718 1273035917 7.028765385886691 50.91806250426718 #INTERPOLATE POINT
1052718 1273035918 7.028631824922287 50.91809345455415 #INTERPOLATE POINT
1052718 1273035919 7.028498263957882 50.91812440484112 #INTERPOLATE POINT
1052718 1273035920 7.0283647029934775 50.91815535512809 #INTERPOLATE POINT
1052718 1273035921 7.028231142029073 50.91818630541506 #INTERPOLATE POINT
1052718 1273035922 7.028097581064668 50.91821725570203 #INTERPOLATE POINT
1052718 1273035923 7.0279640201002636 50.918248205989 #INTERPOLATE POINT
1052718 1273035924 7.027830459135859 50.91827915627597 #INTERPOLATE POINT
1052718 1273035925 7.027696898171454 50.91831010656294 #INTERPOLATE POINT
1052718 1273035926 7.02756333720705 50.91834105684991 #INTERPOLATE POINT
1052718 1273035927 7.027429776242645 50.91837200713688 #INTERPOLATE POINT
1052718 1273035928 7.02729621527824 50.91840295742385 #INTERPOLATE POINT
1052718 1273035929 7.027162654313836 50.91843390771082 #INTERPOLATE POINT
1052718 1273035930 7.027029093349431 50.91846485799779 #INTERPOLATE POINT
1052718 1273035931 7.026895532385026 50.91849580828476 #INTERPOLATE POINT
1052718 1273035932 7.026761971420622 50.91852675857173 #INTERPOLATE POINT
1052718 1273035933 7.026628410456217 50.9185577088587 #INTERPOLATE POINT
1052718 1273035934 7.0264948494918125 50.91858865914567 #INTERPOLATE POINT
1052718 1273035935 7.026361288527408 50.91861960943264 #INTERPOLATE POINT
1052718 1273035936 7.026227727563003 50.91865055971961 #INTERPOLATE POINT
1052718 1273035937 7.0260941665985985 50.91868151000658 #INTERPOLATE POINT
1052718 1273035938 7.025960605634194 50.91871246029355 #INTERPOLATE POINT
1052718 1273035939 7.025827044669789 50.91874341058052 #INTERPOLATE POINT
1052718 1273035940 7.025693483705385 50.91877436086749 #INTERPOLATE POINT
1052718 1273035941 7.02555992274098 50.91880531115446 #INTERPOLATE POINT
1052718 1273035942 7.025426361776575 50.91883626144143 #INTERPOLATE POINT
1052718 1273035943 7.025292800812171 50.9188672117284 #INTERPOLATE POINT
1052718 1273035944 7.025159239847766 50.91889816201537 #INTERPOLATE POINT
1052718 1273035945 7.025025678883361 50.91892911230234 #INTERPOLATE POINT
1052718 1273035946 7.024892117918957 50.918960062589306 #INTERPOLATE POINT
1052718 1273035947 7.024758556954552 50.918991012876276 #INTERPOLATE POINT
1052718 1273035948 7.0246249959901474 50.919021963163246 #INTERPOLATE POINT
1052718 1273035949 7.024491435025743 50.919052913450216 #INTERPOLATE POINT
1052718 1273035950 7.024357874061338 50.919083863737185 #INTERPOLATE POINT
1052718 1273035951 7.0242243130969335 50.919114814024155 #INTERPOLATE POINT
1052718 1273035952 7.024090752132529 50.919145764311125 #INTERPOLATE POINT
1052718 1273035953 7.023957191168124 50.919176714598095 #INTERPOLATE POINT
1052718 1273035954 7.02382363020372 50.919207664885064 #INTERPOLATE POINT
1052718 1273035955 7.023690069239315 50.919238615172034 #INTERPOLATE POINT
1052718 1273035956 7.02355650827491 50.919269565459004 #INTERPOLATE POINT
1052718 1273035957 7.023422947310506 50.919300515745974 #INTERPOLATE POINT
1052718 1273035958 7.023289386346101 50.91933146603294 #INTERPOLATE POINT
1052718 1273035959 7.023155825381696 50.91936241631991 #INTERPOLATE POINT
1052718 1273035960 7.02302226441731 50.9193933666068 #LAST INTERPOLATE POINT
