1244463 1273035600 7.005871 50.962414
1244463 1273035601 7.0058717 50.96241562083333 #INTERPOLATE POINT
1244463 1273035602 7.0058724 50.962417241666664 #INTERPOLATE POINT
1244463 1273035603 7.0058731000000005 50.962418862499995 #INTERPOLATE POINT
1244463 1273035604 7.005873800000001 50.962420483333325 #INTERPOLATE POINT
1244463 1273035605 7.005874500000001 50.962422104166656 #INTERPOLATE POINT
1244463 1273035606 7.005875200000001 50.96242372499999 #INTERPOLATE POINT
1244463 1273035607 7.005875900000001 50.96242534583332 #INTERPOLATE POINT
1244463 1273035608 7.0058766000000015 50.96242696666665 #INTERPOLATE POINT
1244463 1273035609 7.005877300000002 50.96242858749998 #INTERPOLATE POINT
1244463 1273035610 7.005878000000002 50.96243020833331 #INTERPOLATE POINT
1244463 1273035611 7.005878700000002 50.96243182916664 #INTERPOLATE POINT
1244463 1273035612 7.005879400000002 50.96243344999997 #INTERPOLATE POINT
1244463 1273035613 7.005880100000002 50.9624350708333 #INTERPOLATE POINT
1244463 1273035614 7.005880800000003 50.96243669166663 #INTERPOLATE POINT
1244463 1273035615 7.005881500000003 50.96243831249996 #INTERPOLATE POINT
1244463 1273035616 7.005882200000003 50.96243993333329 #INTERPOLATE POINT
1244463 1273035617 7.005882900000003 50.962441554166624 #INTERPOLATE POINT
1244463 1273035618 7.005883600000003 50.962443174999954 #INTERPOLATE POINT
1244463 1273035619 7.0058843000000035 50.962444795833285 #INTERPOLATE POINT
1244463 1273035620 7.005885000000004 50.962446416666616 #INTERPOLATE POINT
1244463 1273035621 7.005885700000004 50.96244803749995 #INTERPOLATE POINT
1244463 1273035622 7.005886400000004 50.96244965833328 #INTERPOLATE POINT
1244463 1273035623 7.005887100000004 50.96245127916661 #INTERPOLATE POINT
1244463 1273035624 7.005887800000004 50.96245289999994 #INTERPOLATE POINT
1244463 1273035625 7.005888500000005 50.96245452083327 #INTERPOLATE POINT
1244463 1273035626 7.005889200000005 50.9624561416666 #INTERPOLATE POINT
1244463 1273035627 7.005889900000005 50.96245776249993 #INTERPOLATE POINT
1244463 1273035628 7.005890600000005 50.96245938333326 #INTERPOLATE POINT
1244463 1273035629 7.005891300000005 50.96246100416659 #INTERPOLATE POINT
1244463 1273035630 7.005892000000006 50.96246262499992 #INTERPOLATE POINT
1244463 1273035631 7.005892700000006 50.96246424583325 #INTERPOLATE POINT
1244463 1273035632 7.005893400000006 50.962465866666584 #INTERPOLATE POINT
1244463 1273035633 7.005894100000006 50.962467487499914 #INTERPOLATE POINT
1244463 1273035634 7.005894800000006 50.962469108333245 #INTERPOLATE POINT
1244463 1273035635 7.0058955000000065 50.962470729166576 #INTERPOLATE POINT
1244463 1273035636 7.005896200000007 50.962472349999906 #INTERPOLATE POINT
1244463 1273035637 7.005896900000007 50.96247397083324 #INTERPOLATE POINT
1244463 1273035638 7.005897600000007 50.96247559166657 #INTERPOLATE POINT
1244463 1273035639 7.005898300000007 50.9624772124999 #INTERPOLATE POINT
1244463 1273035640 7.005899000000007 50.96247883333323 #INTERPOLATE POINT
1244463 1273035641 7.005899700000008 50.96248045416656 #INTERPOLATE POINT
1244463 1273035642 7.005900400000008 50.96248207499989 #INTERPOLATE POINT
1244463 1273035643 7.005901100000008 50.96248369583322 #INTERPOLATE POINT
1244463 1273035644 7.005901800000008 50.96248531666655 #INTERPOLATE POINT
1244463 1273035645 7.005902500000008 50.96248693749988 #INTERPOLATE POINT
1244463 1273035646 7.0059032000000085 50.96248855833321 #INTERPOLATE POINT
1244463 1273035647 7.005903900000009 50.962490179166544 #INTERPOLATE POINT
1244463 1273035648 7.005904600000009 50.962491799999874 #INTERPOLATE POINT
1244463 1273035649 7.005905300000009 50.962493420833205 #INTERPOLATE POINT
1244463 1273035650 7.005906000000009 50.962495041666536 #INTERPOLATE POINT
1244463 1273035651 7.0059067000000095 50.962496662499866 #INTERPOLATE POINT
1244463 1273035652 7.00590740000001 50.9624982833332 #INTERPOLATE POINT
1244463 1273035653 7.00590810000001 50.96249990416653 #INTERPOLATE POINT
1244463 1273035654 7.00590880000001 50.96250152499986 #INTERPOLATE POINT
1244463 1273035655 7.00590950000001 50.96250314583319 #INTERPOLATE POINT
1244463 1273035656 7.00591020000001 50.96250476666652 #INTERPOLATE POINT
1244463 1273035657 7.005910900000011 50.96250638749985 #INTERPOLATE POINT
1244463 1273035658 7.005911600000011 50.96250800833318 #INTERPOLATE POINT
1244463 1273035659 7.005912300000011 50.96250962916651 #INTERPOLATE POINT
1244463 1273035660 7.005913000000011 50.96251124999984 #INTERPOLATE POINT
1244463 1273035661 7.005913700000011 50.96251287083317 #INTERPOLATE POINT
1244463 1273035662 7.0059144000000115 50.962514491666504 #INTERPOLATE POINT
1244463 1273035663 7.005915100000012 50.962516112499834 #INTERPOLATE POINT
1244463 1273035664 7.005915800000012 50.962517733333165 #INTERPOLATE POINT
1244463 1273035665 7.005916500000012 50.962519354166496 #INTERPOLATE POINT
1244463 1273035666 7.005917200000012 50.962520974999826 #INTERPOLATE POINT
1244463 1273035667 7.0059179000000125 50.96252259583316 #INTERPOLATE POINT
1244463 1273035668 7.005918600000013 50.96252421666649 #INTERPOLATE POINT
1244463 1273035669 7.005919300000013 50.96252583749982 #INTERPOLATE POINT
1244463 1273035670 7.005920000000013 50.96252745833315 #INTERPOLATE POINT
1244463 1273035671 7.005920700000013 50.96252907916648 #INTERPOLATE POINT
1244463 1273035672 7.005921400000013 50.96253069999981 #INTERPOLATE POINT
1244463 1273035673 7.005922100000014 50.96253232083314 #INTERPOLATE POINT
1244463 1273035674 7.005922800000014 50.96253394166647 #INTERPOLATE POINT
1244463 1273035675 7.005923500000014 50.9625355624998 #INTERPOLATE POINT
1244463 1273035676 7.005924200000014 50.96253718333313 #INTERPOLATE POINT
1244463 1273035677 7.005924900000014 50.96253880416646 #INTERPOLATE POINT
1244463 1273035678 7.0059256000000145 50.962540424999794 #INTERPOLATE POINT
1244463 1273035679 7.005926300000015 50.962542045833125 #INTERPOLATE POINT
1244463 1273035680 7.005927000000015 50.962543666666456 #INTERPOLATE POINT
1244463 1273035681 7.005927700000015 50.962545287499786 #INTERPOLATE POINT
1244463 1273035682 7.005928400000015 50.96254690833312 #INTERPOLATE POINT
1244463 1273035683 7.0059291000000155 50.96254852916645 #INTERPOLATE POINT
1244463 1273035684 7.005929800000016 50.96255014999978 #INTERPOLATE POINT
1244463 1273035685 7.005930500000016 50.96255177083311 #INTERPOLATE POINT
1244463 1273035686 7.005931200000016 50.96255339166644 #INTERPOLATE POINT
1244463 1273035687 7.005931900000016 50.96255501249977 #INTERPOLATE POINT
1244463 1273035688 7.005932600000016 50.9625566333331 #INTERPOLATE POINT
1244463 1273035689 7.005933300000017 50.96255825416643 #INTERPOLATE POINT
1244463 1273035690 7.005934000000017 50.96255987499976 #INTERPOLATE POINT
1244463 1273035691 7.005934700000017 50.96256149583309 #INTERPOLATE POINT
1244463 1273035692 7.005935400000017 50.96256311666642 #INTERPOLATE POINT
1244463 1273035693 7.005936100000017 50.962564737499754 #INTERPOLATE POINT
1244463 1273035694 7.0059368000000175 50.962566358333085 #INTERPOLATE POINT
1244463 1273035695 7.005937500000018 50.962567979166415 #INTERPOLATE POINT
1244463 1273035696 7.005938200000018 50.962569599999746 #INTERPOLATE POINT
1244463 1273035697 7.005938900000018 50.96257122083308 #INTERPOLATE POINT
1244463 1273035698 7.005939600000018 50.96257284166641 #INTERPOLATE POINT
1244463 1273035699 7.005940300000018 50.96257446249974 #INTERPOLATE POINT
1244463 1273035700 7.005941000000019 50.96257608333307 #INTERPOLATE POINT
1244463 1273035701 7.005941700000019 50.9625777041664 #INTERPOLATE POINT
1244463 1273035702 7.005942400000019 50.96257932499973 #INTERPOLATE POINT
1244463 1273035703 7.005943100000019 50.96258094583306 #INTERPOLATE POINT
1244463 1273035704 7.005943800000019 50.96258256666639 #INTERPOLATE POINT
1244463 1273035705 7.00594450000002 50.96258418749972 #INTERPOLATE POINT
1244463 1273035706 7.00594520000002 50.96258580833305 #INTERPOLATE POINT
1244463 1273035707 7.00594590000002 50.96258742916638 #INTERPOLATE POINT
1244463 1273035708 7.00594660000002 50.962589049999714 #INTERPOLATE POINT
1244463 1273035709 7.00594730000002 50.962590670833045 #INTERPOLATE POINT
1244463 1273035710 7.0059480000000205 50.962592291666375 #INTERPOLATE POINT
1244463 1273035711 7.005948700000021 50.962593912499706 #INTERPOLATE POINT
1244463 1273035712 7.005949400000021 50.96259553333304 #INTERPOLATE POINT
1244463 1273035713 7.005950100000021 50.96259715416637 #INTERPOLATE POINT
1244463 1273035714 7.005950800000021 50.9625987749997 #INTERPOLATE POINT
1244463 1273035715 7.005951500000021 50.96260039583303 #INTERPOLATE POINT
1244463 1273035716 7.005952200000022 50.96260201666636 #INTERPOLATE POINT
1244463 1273035717 7.005952900000022 50.96260363749969 #INTERPOLATE POINT
1244463 1273035718 7.005953600000022 50.96260525833302 #INTERPOLATE POINT
1244463 1273035719 7.005954300000022 50.96260687916635 #INTERPOLATE POINT
1244463 1273035720 7.005955000000022 50.96260849999968 #INTERPOLATE POINT
1244463 1273035721 7.0059557000000225 50.96261012083301 #INTERPOLATE POINT
1244463 1273035722 7.005956400000023 50.96261174166634 #INTERPOLATE POINT
1244463 1273035723 7.005957100000023 50.962613362499674 #INTERPOLATE POINT
1244463 1273035724 7.005957800000023 50.962614983333005 #INTERPOLATE POINT
1244463 1273035725 7.005958500000023 50.962616604166335 #INTERPOLATE POINT
1244463 1273035726 7.0059592000000235 50.962618224999666 #INTERPOLATE POINT
1244463 1273035727 7.005959900000024 50.962619845833 #INTERPOLATE POINT
1244463 1273035728 7.005960600000024 50.96262146666633 #INTERPOLATE POINT
1244463 1273035729 7.005961300000024 50.96262308749966 #INTERPOLATE POINT
1244463 1273035730 7.005962000000024 50.96262470833299 #INTERPOLATE POINT
1244463 1273035731 7.005962700000024 50.96262632916632 #INTERPOLATE POINT
1244463 1273035732 7.005963400000025 50.96262794999965 #INTERPOLATE POINT
1244463 1273035733 7.005964100000025 50.96262957083298 #INTERPOLATE POINT
1244463 1273035734 7.005964800000025 50.96263119166631 #INTERPOLATE POINT
1244463 1273035735 7.005965500000025 50.96263281249964 #INTERPOLATE POINT
1244463 1273035736 7.005966200000025 50.96263443333297 #INTERPOLATE POINT
1244463 1273035737 7.0059669000000255 50.9626360541663 #INTERPOLATE POINT
1244463 1273035738 7.005967600000026 50.962637674999634 #INTERPOLATE POINT
1244463 1273035739 7.005968300000026 50.962639295832965 #INTERPOLATE POINT
1244463 1273035740 7.005969000000026 50.962640916666295 #INTERPOLATE POINT
1244463 1273035741 7.005969700000026 50.962642537499626 #INTERPOLATE POINT
1244463 1273035742 7.0059704000000265 50.96264415833296 #INTERPOLATE POINT
1244463 1273035743 7.005971100000027 50.96264577916629 #INTERPOLATE POINT
1244463 1273035744 7.005971800000027 50.96264739999962 #INTERPOLATE POINT
1244463 1273035745 7.005972500000027 50.96264902083295 #INTERPOLATE POINT
1244463 1273035746 7.005973200000027 50.96265064166628 #INTERPOLATE POINT
1244463 1273035747 7.005973900000027 50.96265226249961 #INTERPOLATE POINT
1244463 1273035748 7.005974600000028 50.96265388333294 #INTERPOLATE POINT
1244463 1273035749 7.005975300000028 50.96265550416627 #INTERPOLATE POINT
1244463 1273035750 7.005976000000028 50.9626571249996 #INTERPOLATE POINT
1244463 1273035751 7.005976700000028 50.96265874583293 #INTERPOLATE POINT
1244463 1273035752 7.005977400000028 50.96266036666626 #INTERPOLATE POINT
1244463 1273035753 7.0059781000000285 50.962661987499594 #INTERPOLATE POINT
1244463 1273035754 7.005978800000029 50.962663608332925 #INTERPOLATE POINT
1244463 1273035755 7.005979500000029 50.962665229166255 #INTERPOLATE POINT
1244463 1273035756 7.005980200000029 50.962666849999586 #INTERPOLATE POINT
1244463 1273035757 7.005980900000029 50.96266847083292 #INTERPOLATE POINT
1244463 1273035758 7.0059816000000295 50.96267009166625 #INTERPOLATE POINT
1244463 1273035759 7.00598230000003 50.96267171249958 #INTERPOLATE POINT
1244463 1273035760 7.00598300000003 50.96267333333291 #INTERPOLATE POINT
1244463 1273035761 7.00598370000003 50.96267495416624 #INTERPOLATE POINT
1244463 1273035762 7.00598440000003 50.96267657499957 #INTERPOLATE POINT
1244463 1273035763 7.00598510000003 50.9626781958329 #INTERPOLATE POINT
1244463 1273035764 7.005985800000031 50.96267981666623 #INTERPOLATE POINT
1244463 1273035765 7.005986500000031 50.96268143749956 #INTERPOLATE POINT
1244463 1273035766 7.005987200000031 50.96268305833289 #INTERPOLATE POINT
1244463 1273035767 7.005987900000031 50.96268467916622 #INTERPOLATE POINT
1244463 1273035768 7.005988600000031 50.962686299999554 #INTERPOLATE POINT
1244463 1273035769 7.0059893000000315 50.962687920832884 #INTERPOLATE POINT
1244463 1273035770 7.005990000000032 50.962689541666215 #INTERPOLATE POINT
1244463 1273035771 7.005990700000032 50.962691162499546 #INTERPOLATE POINT
1244463 1273035772 7.005991400000032 50.962692783332876 #INTERPOLATE POINT
1244463 1273035773 7.005992100000032 50.96269440416621 #INTERPOLATE POINT
1244463 1273035774 7.005992800000032 50.96269602499954 #INTERPOLATE POINT
1244463 1273035775 7.005993500000033 50.96269764583287 #INTERPOLATE POINT
1244463 1273035776 7.005994200000033 50.9626992666662 #INTERPOLATE POINT
1244463 1273035777 7.005994900000033 50.96270088749953 #INTERPOLATE POINT
1244463 1273035778 7.005995600000033 50.96270250833286 #INTERPOLATE POINT
1244463 1273035779 7.005996300000033 50.96270412916619 #INTERPOLATE POINT
1244463 1273035780 7.005997000000034 50.96270574999952 #INTERPOLATE POINT
1244463 1273035781 7.005997700000034 50.96270737083285 #INTERPOLATE POINT
1244463 1273035782 7.005998400000034 50.96270899166618 #INTERPOLATE POINT
1244463 1273035783 7.005999100000034 50.962710612499514 #INTERPOLATE POINT
1244463 1273035784 7.005999800000034 50.962712233332844 #INTERPOLATE POINT
1244463 1273035785 7.0060005000000345 50.962713854166175 #INTERPOLATE POINT
1244463 1273035786 7.006001200000035 50.962715474999506 #INTERPOLATE POINT
1244463 1273035787 7.006001900000035 50.962717095832836 #INTERPOLATE POINT
1244463 1273035788 7.006002600000035 50.96271871666617 #INTERPOLATE POINT
1244463 1273035789 7.006003300000035 50.9627203374995 #INTERPOLATE POINT
1244463 1273035790 7.006004000000035 50.96272195833283 #INTERPOLATE POINT
1244463 1273035791 7.006004700000036 50.96272357916616 #INTERPOLATE POINT
1244463 1273035792 7.006005400000036 50.96272519999949 #INTERPOLATE POINT
1244463 1273035793 7.006006100000036 50.96272682083282 #INTERPOLATE POINT
1244463 1273035794 7.006006800000036 50.96272844166615 #INTERPOLATE POINT
1244463 1273035795 7.006007500000036 50.96273006249948 #INTERPOLATE POINT
1244463 1273035796 7.0060082000000365 50.96273168333281 #INTERPOLATE POINT
1244463 1273035797 7.006008900000037 50.96273330416614 #INTERPOLATE POINT
1244463 1273035798 7.006009600000037 50.962734924999474 #INTERPOLATE POINT
1244463 1273035799 7.006010300000037 50.962736545832804 #INTERPOLATE POINT
1244463 1273035800 7.006011000000037 50.962738166666135 #INTERPOLATE POINT
1244463 1273035801 7.0060117000000375 50.962739787499466 #INTERPOLATE POINT
1244463 1273035802 7.006012400000038 50.962741408332796 #INTERPOLATE POINT
1244463 1273035803 7.006013100000038 50.96274302916613 #INTERPOLATE POINT
1244463 1273035804 7.006013800000038 50.96274464999946 #INTERPOLATE POINT
1244463 1273035805 7.006014500000038 50.96274627083279 #INTERPOLATE POINT
1244463 1273035806 7.006015200000038 50.96274789166612 #INTERPOLATE POINT
1244463 1273035807 7.006015900000039 50.96274951249945 #INTERPOLATE POINT
1244463 1273035808 7.006016600000039 50.96275113333278 #INTERPOLATE POINT
1244463 1273035809 7.006017300000039 50.96275275416611 #INTERPOLATE POINT
1244463 1273035810 7.006018000000039 50.96275437499944 #INTERPOLATE POINT
1244463 1273035811 7.006018700000039 50.96275599583277 #INTERPOLATE POINT
1244463 1273035812 7.0060194000000395 50.9627576166661 #INTERPOLATE POINT
1244463 1273035813 7.00602010000004 50.962759237499434 #INTERPOLATE POINT
1244463 1273035814 7.00602080000004 50.962760858332764 #INTERPOLATE POINT
1244463 1273035815 7.00602150000004 50.962762479166095 #INTERPOLATE POINT
1244463 1273035816 7.00602220000004 50.962764099999426 #INTERPOLATE POINT
1244463 1273035817 7.0060229000000405 50.962765720832756 #INTERPOLATE POINT
1244463 1273035818 7.006023600000041 50.96276734166609 #INTERPOLATE POINT
1244463 1273035819 7.006024300000041 50.96276896249942 #INTERPOLATE POINT
1244463 1273035820 7.006025000000041 50.96277058333275 #INTERPOLATE POINT
1244463 1273035821 7.006025700000041 50.96277220416608 #INTERPOLATE POINT
1244463 1273035822 7.006026400000041 50.96277382499941 #INTERPOLATE POINT
1244463 1273035823 7.006027100000042 50.96277544583274 #INTERPOLATE POINT
1244463 1273035824 7.006027800000042 50.96277706666607 #INTERPOLATE POINT
1244463 1273035825 7.006028500000042 50.9627786874994 #INTERPOLATE POINT
1244463 1273035826 7.006029200000042 50.96278030833273 #INTERPOLATE POINT
1244463 1273035827 7.006029900000042 50.96278192916606 #INTERPOLATE POINT
1244463 1273035828 7.0060306000000425 50.96278354999939 #INTERPOLATE POINT
1244463 1273035829 7.006031300000043 50.962785170832724 #INTERPOLATE POINT
1244463 1273035830 7.006032000000043 50.962786791666055 #INTERPOLATE POINT
1244463 1273035831 7.006032700000043 50.962788412499386 #INTERPOLATE POINT
1244463 1273035832 7.006033400000043 50.962790033332716 #INTERPOLATE POINT
1244463 1273035833 7.0060341000000435 50.96279165416605 #INTERPOLATE POINT
1244463 1273035834 7.006034800000044 50.96279327499938 #INTERPOLATE POINT
1244463 1273035835 7.006035500000044 50.96279489583271 #INTERPOLATE POINT
1244463 1273035836 7.006036200000044 50.96279651666604 #INTERPOLATE POINT
1244463 1273035837 7.006036900000044 50.96279813749937 #INTERPOLATE POINT
1244463 1273035838 7.006037600000044 50.9627997583327 #INTERPOLATE POINT
1244463 1273035839 7.006038300000045 50.96280137916603 #INTERPOLATE POINT
1244463 1273035840 7.006039 50.962803 #LAST INTERPOLATE POINT
1244463 1273035840 7.006039 50.962803 #NO INTERPOLATE
1244463 1273035841 7.0060395125 50.962804079166666 #INTERPOLATE POINT
1244463 1273035842 7.006040025 50.96280515833333 #INTERPOLATE POINT
1244463 1273035843 7.0060405375 50.9628062375 #INTERPOLATE POINT
1244463 1273035844 7.006041049999999 50.96280731666666 #INTERPOLATE POINT
1244463 1273035845 7.006041562499999 50.96280839583333 #INTERPOLATE POINT
1244463 1273035846 7.006042074999999 50.96280947499999 #INTERPOLATE POINT
1244463 1273035847 7.006042587499999 50.96281055416666 #INTERPOLATE POINT
1244463 1273035848 7.0060430999999985 50.962811633333324 #INTERPOLATE POINT
1244463 1273035849 7.006043612499998 50.96281271249999 #INTERPOLATE POINT
1244463 1273035850 7.006044124999998 50.962813791666655 #INTERPOLATE POINT
1244463 1273035851 7.006044637499998 50.96281487083332 #INTERPOLATE POINT
1244463 1273035852 7.006045149999998 50.962815949999985 #INTERPOLATE POINT
1244463 1273035853 7.006045662499997 50.96281702916665 #INTERPOLATE POINT
1244463 1273035854 7.006046174999997 50.962818108333316 #INTERPOLATE POINT
1244463 1273035855 7.006046687499997 50.96281918749998 #INTERPOLATE POINT
1244463 1273035856 7.006047199999997 50.96282026666665 #INTERPOLATE POINT
1244463 1273035857 7.0060477124999965 50.96282134583331 #INTERPOLATE POINT
1244463 1273035858 7.006048224999996 50.96282242499998 #INTERPOLATE POINT
1244463 1273035859 7.006048737499996 50.96282350416664 #INTERPOLATE POINT
1244463 1273035860 7.006049249999996 50.96282458333331 #INTERPOLATE POINT
1244463 1273035861 7.006049762499996 50.962825662499974 #INTERPOLATE POINT
1244463 1273035862 7.006050274999995 50.96282674166664 #INTERPOLATE POINT
1244463 1273035863 7.006050787499995 50.962827820833304 #INTERPOLATE POINT
1244463 1273035864 7.006051299999995 50.96282889999997 #INTERPOLATE POINT
1244463 1273035865 7.006051812499995 50.962829979166635 #INTERPOLATE POINT
1244463 1273035866 7.006052324999994 50.9628310583333 #INTERPOLATE POINT
1244463 1273035867 7.006052837499994 50.962832137499966 #INTERPOLATE POINT
1244463 1273035868 7.006053349999994 50.96283321666663 #INTERPOLATE POINT
1244463 1273035869 7.006053862499994 50.9628342958333 #INTERPOLATE POINT
1244463 1273035870 7.0060543749999935 50.96283537499996 #INTERPOLATE POINT
1244463 1273035871 7.006054887499993 50.96283645416663 #INTERPOLATE POINT
1244463 1273035872 7.006055399999993 50.96283753333329 #INTERPOLATE POINT
1244463 1273035873 7.006055912499993 50.96283861249996 #INTERPOLATE POINT
1244463 1273035874 7.006056424999993 50.96283969166662 #INTERPOLATE POINT
1244463 1273035875 7.006056937499992 50.96284077083329 #INTERPOLATE POINT
1244463 1273035876 7.006057449999992 50.962841849999954 #INTERPOLATE POINT
1244463 1273035877 7.006057962499992 50.96284292916662 #INTERPOLATE POINT
1244463 1273035878 7.006058474999992 50.962844008333285 #INTERPOLATE POINT
1244463 1273035879 7.0060589874999915 50.96284508749995 #INTERPOLATE POINT
1244463 1273035880 7.006059499999991 50.962846166666615 #INTERPOLATE POINT
1244463 1273035881 7.006060012499991 50.96284724583328 #INTERPOLATE POINT
1244463 1273035882 7.006060524999991 50.962848324999946 #INTERPOLATE POINT
1244463 1273035883 7.0060610374999905 50.96284940416661 #INTERPOLATE POINT
1244463 1273035884 7.00606154999999 50.96285048333328 #INTERPOLATE POINT
1244463 1273035885 7.00606206249999 50.96285156249994 #INTERPOLATE POINT
1244463 1273035886 7.00606257499999 50.96285264166661 #INTERPOLATE POINT
1244463 1273035887 7.00606308749999 50.96285372083327 #INTERPOLATE POINT
1244463 1273035888 7.006063599999989 50.96285479999994 #INTERPOLATE POINT
1244463 1273035889 7.006064112499989 50.962855879166604 #INTERPOLATE POINT
1244463 1273035890 7.006064624999989 50.96285695833327 #INTERPOLATE POINT
1244463 1273035891 7.006065137499989 50.962858037499934 #INTERPOLATE POINT
1244463 1273035892 7.0060656499999885 50.9628591166666 #INTERPOLATE POINT
1244463 1273035893 7.006066162499988 50.962860195833265 #INTERPOLATE POINT
1244463 1273035894 7.006066674999988 50.96286127499993 #INTERPOLATE POINT
1244463 1273035895 7.006067187499988 50.962862354166596 #INTERPOLATE POINT
1244463 1273035896 7.006067699999988 50.96286343333326 #INTERPOLATE POINT
1244463 1273035897 7.006068212499987 50.96286451249993 #INTERPOLATE POINT
1244463 1273035898 7.006068724999987 50.96286559166659 #INTERPOLATE POINT
1244463 1273035899 7.006069237499987 50.96286667083326 #INTERPOLATE POINT
1244463 1273035900 7.006069749999987 50.96286774999992 #INTERPOLATE POINT
1244463 1273035901 7.006070262499986 50.96286882916659 #INTERPOLATE POINT
1244463 1273035902 7.006070774999986 50.96286990833325 #INTERPOLATE POINT
1244463 1273035903 7.006071287499986 50.96287098749992 #INTERPOLATE POINT
1244463 1273035904 7.006071799999986 50.962872066666584 #INTERPOLATE POINT
1244463 1273035905 7.0060723124999855 50.96287314583325 #INTERPOLATE POINT
1244463 1273035906 7.006072824999985 50.962874224999915 #INTERPOLATE POINT
1244463 1273035907 7.006073337499985 50.96287530416658 #INTERPOLATE POINT
1244463 1273035908 7.006073849999985 50.962876383333246 #INTERPOLATE POINT
1244463 1273035909 7.006074362499985 50.96287746249991 #INTERPOLATE POINT
1244463 1273035910 7.006074874999984 50.962878541666576 #INTERPOLATE POINT
1244463 1273035911 7.006075387499984 50.96287962083324 #INTERPOLATE POINT
1244463 1273035912 7.006075899999984 50.96288069999991 #INTERPOLATE POINT
1244463 1273035913 7.006076412499984 50.96288177916657 #INTERPOLATE POINT
1244463 1273035914 7.0060769249999835 50.96288285833324 #INTERPOLATE POINT
1244463 1273035915 7.006077437499983 50.9628839374999 #INTERPOLATE POINT
1244463 1273035916 7.006077949999983 50.96288501666657 #INTERPOLATE POINT
1244463 1273035917 7.006078462499983 50.962886095833234 #INTERPOLATE POINT
1244463 1273035918 7.006078974999983 50.9628871749999 #INTERPOLATE POINT
1244463 1273035919 7.006079487499982 50.962888254166565 #INTERPOLATE POINT
1244463 1273035920 7.006079999999982 50.96288933333323 #INTERPOLATE POINT
1244463 1273035921 7.006080512499982 50.962890412499895 #INTERPOLATE POINT
1244463 1273035922 7.006081024999982 50.96289149166656 #INTERPOLATE POINT
1244463 1273035923 7.006081537499981 50.962892570833226 #INTERPOLATE POINT
1244463 1273035924 7.006082049999981 50.96289364999989 #INTERPOLATE POINT
1244463 1273035925 7.006082562499981 50.96289472916656 #INTERPOLATE POINT
1244463 1273035926 7.006083074999981 50.96289580833322 #INTERPOLATE POINT
1244463 1273035927 7.0060835874999805 50.96289688749989 #INTERPOLATE POINT
1244463 1273035928 7.00608409999998 50.96289796666655 #INTERPOLATE POINT
1244463 1273035929 7.00608461249998 50.96289904583322 #INTERPOLATE POINT
1244463 1273035930 7.00608512499998 50.962900124999884 #INTERPOLATE POINT
1244463 1273035931 7.00608563749998 50.96290120416655 #INTERPOLATE POINT
1244463 1273035932 7.006086149999979 50.962902283333214 #INTERPOLATE POINT
1244463 1273035933 7.006086662499979 50.96290336249988 #INTERPOLATE POINT
1244463 1273035934 7.006087174999979 50.962904441666545 #INTERPOLATE POINT
1244463 1273035935 7.006087687499979 50.96290552083321 #INTERPOLATE POINT
1244463 1273035936 7.0060881999999784 50.962906599999876 #INTERPOLATE POINT
1244463 1273035937 7.006088712499978 50.96290767916654 #INTERPOLATE POINT
1244463 1273035938 7.006089224999978 50.96290875833321 #INTERPOLATE POINT
1244463 1273035939 7.006089737499978 50.96290983749987 #INTERPOLATE POINT
1244463 1273035940 7.0060902499999775 50.96291091666654 #INTERPOLATE POINT
1244463 1273035941 7.006090762499977 50.9629119958332 #INTERPOLATE POINT
1244463 1273035942 7.006091274999977 50.96291307499987 #INTERPOLATE POINT
1244463 1273035943 7.006091787499977 50.96291415416653 #INTERPOLATE POINT
1244463 1273035944 7.006092299999977 50.9629152333332 #INTERPOLATE POINT
1244463 1273035945 7.006092812499976 50.962916312499864 #INTERPOLATE POINT
1244463 1273035946 7.006093324999976 50.96291739166653 #INTERPOLATE POINT
1244463 1273035947 7.006093837499976 50.962918470833195 #INTERPOLATE POINT
1244463 1273035948 7.006094349999976 50.96291954999986 #INTERPOLATE POINT
1244463 1273035949 7.0060948624999755 50.962920629166526 #INTERPOLATE POINT
1244463 1273035950 7.006095374999975 50.96292170833319 #INTERPOLATE POINT
1244463 1273035951 7.006095887499975 50.962922787499856 #INTERPOLATE POINT
1244463 1273035952 7.006096399999975 50.96292386666652 #INTERPOLATE POINT
1244463 1273035953 7.006096912499975 50.96292494583319 #INTERPOLATE POINT
1244463 1273035954 7.006097424999974 50.96292602499985 #INTERPOLATE POINT
1244463 1273035955 7.006097937499974 50.96292710416652 #INTERPOLATE POINT
1244463 1273035956 7.006098449999974 50.96292818333318 #INTERPOLATE POINT
1244463 1273035957 7.006098962499974 50.96292926249985 #INTERPOLATE POINT
1244463 1273035958 7.006099474999973 50.962930341666514 #INTERPOLATE POINT
1244463 1273035959 7.006099987499973 50.96293142083318 #INTERPOLATE POINT
1244463 1273035960 7.006100499999973 50.962932499999845 #INTERPOLATE POINT
1244463 1273035961 7.006101012499973 50.96293357916651 #INTERPOLATE POINT
1244463 1273035962 7.0061015249999725 50.962934658333175 #INTERPOLATE POINT
1244463 1273035963 7.006102037499972 50.96293573749984 #INTERPOLATE POINT
1244463 1273035964 7.006102549999972 50.962936816666506 #INTERPOLATE POINT
1244463 1273035965 7.006103062499972 50.96293789583317 #INTERPOLATE POINT
1244463 1273035966 7.006103574999972 50.96293897499984 #INTERPOLATE POINT
1244463 1273035967 7.006104087499971 50.9629400541665 #INTERPOLATE POINT
1244463 1273035968 7.006104599999971 50.96294113333317 #INTERPOLATE POINT
1244463 1273035969 7.006105112499971 50.96294221249983 #INTERPOLATE POINT
1244463 1273035970 7.006105624999971 50.9629432916665 #INTERPOLATE POINT
1244463 1273035971 7.0061061374999705 50.96294437083316 #INTERPOLATE POINT
1244463 1273035972 7.00610664999997 50.96294544999983 #INTERPOLATE POINT
1244463 1273035973 7.00610716249997 50.962946529166494 #INTERPOLATE POINT
1244463 1273035974 7.00610767499997 50.96294760833316 #INTERPOLATE POINT
1244463 1273035975 7.0061081874999696 50.962948687499825 #INTERPOLATE POINT
1244463 1273035976 7.006108699999969 50.96294976666649 #INTERPOLATE POINT
1244463 1273035977 7.006109212499969 50.962950845833156 #INTERPOLATE POINT
1244463 1273035978 7.006109724999969 50.96295192499982 #INTERPOLATE POINT
1244463 1273035979 7.006110237499969 50.962953004166486 #INTERPOLATE POINT
1244463 1273035980 7.006110749999968 50.96295408333315 #INTERPOLATE POINT
1244463 1273035981 7.006111262499968 50.96295516249982 #INTERPOLATE POINT
1244463 1273035982 7.006111774999968 50.96295624166648 #INTERPOLATE POINT
1244463 1273035983 7.006112287499968 50.96295732083315 #INTERPOLATE POINT
1244463 1273035984 7.0061127999999675 50.96295839999981 #INTERPOLATE POINT
1244463 1273035985 7.006113312499967 50.96295947916648 #INTERPOLATE POINT
1244463 1273035986 7.006113824999967 50.962960558333144 #INTERPOLATE POINT
1244463 1273035987 7.006114337499967 50.96296163749981 #INTERPOLATE POINT
1244463 1273035988 7.006114849999967 50.962962716666475 #INTERPOLATE POINT
1244463 1273035989 7.006115362499966 50.96296379583314 #INTERPOLATE POINT
1244463 1273035990 7.006115874999966 50.962964874999805 #INTERPOLATE POINT
1244463 1273035991 7.006116387499966 50.96296595416647 #INTERPOLATE POINT
1244463 1273035992 7.006116899999966 50.962967033333136 #INTERPOLATE POINT
1244463 1273035993 7.0061174124999654 50.9629681124998 #INTERPOLATE POINT
1244463 1273035994 7.006117924999965 50.96296919166647 #INTERPOLATE POINT
1244463 1273035995 7.006118437499965 50.96297027083313 #INTERPOLATE POINT
1244463 1273035996 7.006118949999965 50.9629713499998 #INTERPOLATE POINT
1244463 1273035997 7.0061194624999645 50.96297242916646 #INTERPOLATE POINT
1244463 1273035998 7.006119974999964 50.96297350833313 #INTERPOLATE POINT
1244463 1273035999 7.006120487499964 50.962974587499794 #INTERPOLATE POINT
1244463 1273036000 7.006120999999964 50.96297566666646 #INTERPOLATE POINT
1244463 1273036001 7.006121512499964 50.962976745833124 #INTERPOLATE POINT
1244463 1273036002 7.006122024999963 50.96297782499979 #INTERPOLATE POINT
1244463 1273036003 7.006122537499963 50.962978904166455 #INTERPOLATE POINT
1244463 1273036004 7.006123049999963 50.96297998333312 #INTERPOLATE POINT
1244463 1273036005 7.006123562499963 50.962981062499786 #INTERPOLATE POINT
1244463 1273036006 7.0061240749999625 50.96298214166645 #INTERPOLATE POINT
1244463 1273036007 7.006124587499962 50.96298322083312 #INTERPOLATE POINT
1244463 1273036008 7.006125099999962 50.96298429999978 #INTERPOLATE POINT
1244463 1273036009 7.006125612499962 50.96298537916645 #INTERPOLATE POINT
1244463 1273036010 7.006126124999962 50.96298645833311 #INTERPOLATE POINT
1244463 1273036011 7.006126637499961 50.96298753749978 #INTERPOLATE POINT
1244463 1273036012 7.006127149999961 50.96298861666644 #INTERPOLATE POINT
1244463 1273036013 7.006127662499961 50.96298969583311 #INTERPOLATE POINT
1244463 1273036014 7.006128174999961 50.962990774999774 #INTERPOLATE POINT
1244463 1273036015 7.00612868749996 50.96299185416644 #INTERPOLATE POINT
1244463 1273036016 7.00612919999996 50.962992933333105 #INTERPOLATE POINT
1244463 1273036017 7.00612971249996 50.96299401249977 #INTERPOLATE POINT
1244463 1273036018 7.00613022499996 50.962995091666436 #INTERPOLATE POINT
1244463 1273036019 7.0061307374999595 50.9629961708331 #INTERPOLATE POINT
1244463 1273036020 7.006131249999959 50.962997249999766 #INTERPOLATE POINT
1244463 1273036021 7.006131762499959 50.96299832916643 #INTERPOLATE POINT
1244463 1273036022 7.006132274999959 50.9629994083331 #INTERPOLATE POINT
1244463 1273036023 7.006132787499959 50.96300048749976 #INTERPOLATE POINT
1244463 1273036024 7.006133299999958 50.96300156666643 #INTERPOLATE POINT
1244463 1273036025 7.006133812499958 50.96300264583309 #INTERPOLATE POINT
1244463 1273036026 7.006134324999958 50.96300372499976 #INTERPOLATE POINT
1244463 1273036027 7.006134837499958 50.963004804166424 #INTERPOLATE POINT
1244463 1273036028 7.0061353499999575 50.96300588333309 #INTERPOLATE POINT
1244463 1273036029 7.006135862499957 50.963006962499755 #INTERPOLATE POINT
1244463 1273036030 7.006136374999957 50.96300804166642 #INTERPOLATE POINT
1244463 1273036031 7.006136887499957 50.963009120833085 #INTERPOLATE POINT
1244463 1273036032 7.0061373999999565 50.96301019999975 #INTERPOLATE POINT
1244463 1273036033 7.006137912499956 50.963011279166416 #INTERPOLATE POINT
1244463 1273036034 7.006138424999956 50.96301235833308 #INTERPOLATE POINT
1244463 1273036035 7.006138937499956 50.96301343749975 #INTERPOLATE POINT
1244463 1273036036 7.006139449999956 50.96301451666641 #INTERPOLATE POINT
1244463 1273036037 7.006139962499955 50.96301559583308 #INTERPOLATE POINT
1244463 1273036038 7.006140474999955 50.96301667499974 #INTERPOLATE POINT
1244463 1273036039 7.006140987499955 50.96301775416641 #INTERPOLATE POINT
1244463 1273036040 7.006141499999955 50.963018833333074 #INTERPOLATE POINT
1244463 1273036041 7.0061420124999545 50.96301991249974 #INTERPOLATE POINT
1244463 1273036042 7.006142524999954 50.963020991666404 #INTERPOLATE POINT
1244463 1273036043 7.006143037499954 50.96302207083307 #INTERPOLATE POINT
1244463 1273036044 7.006143549999954 50.963023149999735 #INTERPOLATE POINT
1244463 1273036045 7.006144062499954 50.9630242291664 #INTERPOLATE POINT
1244463 1273036046 7.006144574999953 50.963025308333066 #INTERPOLATE POINT
1244463 1273036047 7.006145087499953 50.96302638749973 #INTERPOLATE POINT
1244463 1273036048 7.006145599999953 50.9630274666664 #INTERPOLATE POINT
1244463 1273036049 7.006146112499953 50.96302854583306 #INTERPOLATE POINT
1244463 1273036050 7.006146624999952 50.96302962499973 #INTERPOLATE POINT
1244463 1273036051 7.006147137499952 50.96303070416639 #INTERPOLATE POINT
1244463 1273036052 7.006147649999952 50.96303178333306 #INTERPOLATE POINT
1244463 1273036053 7.006148162499952 50.96303286249972 #INTERPOLATE POINT
1244463 1273036054 7.0061486749999515 50.96303394166639 #INTERPOLATE POINT
1244463 1273036055 7.006149187499951 50.963035020833054 #INTERPOLATE POINT
1244463 1273036056 7.006149699999951 50.96303609999972 #INTERPOLATE POINT
1244463 1273036057 7.006150212499951 50.963037179166385 #INTERPOLATE POINT
1244463 1273036058 7.006150724999951 50.96303825833305 #INTERPOLATE POINT
1244463 1273036059 7.00615123749995 50.963039337499715 #INTERPOLATE POINT
1244463 1273036060 7.00615174999995 50.96304041666638 #INTERPOLATE POINT
1244463 1273036061 7.00615226249995 50.963041495833046 #INTERPOLATE POINT
1244463 1273036062 7.00615277499995 50.96304257499971 #INTERPOLATE POINT
1244463 1273036063 7.0061532874999495 50.96304365416638 #INTERPOLATE POINT
1244463 1273036064 7.006153799999949 50.96304473333304 #INTERPOLATE POINT
1244463 1273036065 7.006154312499949 50.96304581249971 #INTERPOLATE POINT
1244463 1273036066 7.006154824999949 50.96304689166637 #INTERPOLATE POINT
1244463 1273036067 7.006155337499949 50.96304797083304 #INTERPOLATE POINT
1244463 1273036068 7.006155849999948 50.963049049999704 #INTERPOLATE POINT
1244463 1273036069 7.006156362499948 50.96305012916637 #INTERPOLATE POINT
1244463 1273036070 7.006156874999948 50.963051208333034 #INTERPOLATE POINT
1244463 1273036071 7.006157387499948 50.9630522874997 #INTERPOLATE POINT
1244463 1273036072 7.006157899999947 50.963053366666365 #INTERPOLATE POINT
1244463 1273036073 7.006158412499947 50.96305444583303 #INTERPOLATE POINT
1244463 1273036074 7.006158924999947 50.963055524999696 #INTERPOLATE POINT
1244463 1273036075 7.006159437499947 50.96305660416636 #INTERPOLATE POINT
1244463 1273036076 7.0061599499999465 50.96305768333303 #INTERPOLATE POINT
1244463 1273036077 7.006160462499946 50.96305876249969 #INTERPOLATE POINT
1244463 1273036078 7.006160974999946 50.96305984166636 #INTERPOLATE POINT
1244463 1273036079 7.006161487499946 50.96306092083302 #INTERPOLATE POINT
1244463 1273036080 7.006162 50.963062 #LAST INTERPOLATE POINT
1244463 1273036080 7.006162 50.963062 #NO INTERPOLATE
1244463 1273036081 7.00618315625 50.96310221875 #INTERPOLATE POINT
1244463 1273036082 7.0062043124999995 50.963142437500004 #INTERPOLATE POINT
1244463 1273036083 7.006225468749999 50.963182656250005 #INTERPOLATE POINT
1244463 1273036084 7.006246624999999 50.96322287500001 #INTERPOLATE POINT
1244463 1273036085 7.006267781249999 50.96326309375001 #INTERPOLATE POINT
1244463 1273036086 7.006288937499999 50.96330331250001 #INTERPOLATE POINT
1244463 1273036087 7.006310093749999 50.96334353125001 #INTERPOLATE POINT
1244463 1273036088 7.006331249999999 50.96338375000001 #INTERPOLATE POINT
1244463 1273036089 7.006352406249999 50.963423968750014 #INTERPOLATE POINT
1244463 1273036090 7.0063735624999985 50.963464187500016 #INTERPOLATE POINT
1244463 1273036091 7.006394718749998 50.96350440625002 #INTERPOLATE POINT
1244463 1273036092 7.006415874999998 50.96354462500002 #INTERPOLATE POINT
1244463 1273036093 7.006437031249998 50.96358484375002 #INTERPOLATE POINT
1244463 1273036094 7.006458187499998 50.96362506250002 #INTERPOLATE POINT
1244463 1273036095 7.006479343749998 50.96366528125002 #INTERPOLATE POINT
1244463 1273036096 7.006500499999998 50.963705500000025 #INTERPOLATE POINT
1244463 1273036097 7.006521656249998 50.963745718750026 #INTERPOLATE POINT
1244463 1273036098 7.0065428124999976 50.96378593750003 #INTERPOLATE POINT
1244463 1273036099 7.006563968749997 50.96382615625003 #INTERPOLATE POINT
1244463 1273036100 7.006585124999997 50.96386637500003 #INTERPOLATE POINT
1244463 1273036101 7.006606281249997 50.96390659375003 #INTERPOLATE POINT
1244463 1273036102 7.006627437499997 50.96394681250003 #INTERPOLATE POINT
1244463 1273036103 7.006648593749997 50.963987031250035 #INTERPOLATE POINT
1244463 1273036104 7.006669749999997 50.964027250000036 #INTERPOLATE POINT
1244463 1273036105 7.006690906249997 50.96406746875004 #INTERPOLATE POINT
1244463 1273036106 7.006712062499997 50.96410768750004 #INTERPOLATE POINT
1244463 1273036107 7.006733218749996 50.96414790625004 #INTERPOLATE POINT
1244463 1273036108 7.006754374999996 50.96418812500004 #INTERPOLATE POINT
1244463 1273036109 7.006775531249996 50.964228343750044 #INTERPOLATE POINT
1244463 1273036110 7.006796687499996 50.964268562500045 #INTERPOLATE POINT
1244463 1273036111 7.006817843749996 50.96430878125005 #INTERPOLATE POINT
1244463 1273036112 7.006839 50.964349 #LAST INTERPOLATE POINT
1244463 1273036113 7.006826 50.96441 #NO INTERPOLATE
1244463 1273036113 7.00681 50.964378249999996 #INTERPOLATE POINT
1244463 1273036114 7.006781 50.96440749999999 #INTERPOLATE POINT
1244463 1273036115 7.0067520000000005 50.96443674999999 #INTERPOLATE POINT
1244463 1273036116 7.006723 50.964466 #LAST INTERPOLATE POINT
1244463 1273036117 7.006679 50.96447557894737 #INTERPOLATE POINT
1244463 1273036118 7.006635 50.96448515789474 #INTERPOLATE POINT
1244463 1273036119 7.006591 50.96449473684211 #INTERPOLATE POINT
1244463 1273036120 7.006547 50.96450431578948 #INTERPOLATE POINT
1244463 1273036121 7.006503 50.964513894736854 #INTERPOLATE POINT
1244463 1273036122 7.006459 50.964523473684224 #INTERPOLATE POINT
1244463 1273036123 7.0064150000000005 50.964533052631595 #INTERPOLATE POINT
1244463 1273036124 7.006371000000001 50.964542631578965 #INTERPOLATE POINT
1244463 1273036125 7.006327000000001 50.964552210526335 #INTERPOLATE POINT
1244463 1273036126 7.006283000000001 50.964561789473706 #INTERPOLATE POINT
1244463 1273036127 7.006239000000001 50.964571368421076 #INTERPOLATE POINT
1244463 1273036128 7.006195000000001 50.96458094736845 #INTERPOLATE POINT
1244463 1273036129 7.006151000000001 50.96459052631582 #INTERPOLATE POINT
1244463 1273036130 7.006107000000001 50.96460010526319 #INTERPOLATE POINT
1244463 1273036131 7.006063000000001 50.96460968421056 #INTERPOLATE POINT
1244463 1273036132 7.006019000000001 50.96461926315793 #INTERPOLATE POINT
1244463 1273036133 7.005975000000001 50.9646288421053 #INTERPOLATE POINT
1244463 1273036134 7.005931000000001 50.96463842105267 #INTERPOLATE POINT
1244463 1273036135 7.005887 50.964648 #LAST INTERPOLATE POINT
1244463 1273036136 7.005845 50.964642999999995 #INTERPOLATE POINT
1244463 1273036137 7.005802999999999 50.964637999999994 #INTERPOLATE POINT
1244463 1273036138 7.005761 50.964633 #LAST INTERPOLATE POINT
1244463 1273036139 7.005737470588235 50.96459217647059 #INTERPOLATE POINT
1244463 1273036140 7.00571394117647 50.96455135294118 #INTERPOLATE POINT
1244463 1273036141 7.005690411764705 50.96451052941177 #INTERPOLATE POINT
1244463 1273036142 7.005666882352941 50.96446970588236 #INTERPOLATE POINT
1244463 1273036143 7.005643352941176 50.96442888235295 #INTERPOLATE POINT
1244463 1273036144 7.005619823529411 50.96438805882354 #INTERPOLATE POINT
1244463 1273036145 7.005596294117646 50.96434723529413 #INTERPOLATE POINT
1244463 1273036146 7.005572764705882 50.96430641176472 #INTERPOLATE POINT
1244463 1273036147 7.005549235294117 50.96426558823531 #INTERPOLATE POINT
1244463 1273036148 7.005525705882352 50.9642247647059 #INTERPOLATE POINT
1244463 1273036149 7.005502176470587 50.964183941176486 #INTERPOLATE POINT
1244463 1273036150 7.005478647058823 50.964143117647076 #INTERPOLATE POINT
1244463 1273036151 7.005455117647058 50.964102294117666 #INTERPOLATE POINT
1244463 1273036152 7.005431588235293 50.964061470588256 #INTERPOLATE POINT
1244463 1273036153 7.005408058823528 50.964020647058845 #INTERPOLATE POINT
1244463 1273036154 7.005384529411764 50.963979823529435 #INTERPOLATE POINT
1244463 1273036155 7.005361 50.963939 #LAST INTERPOLATE POINT
1244463 1273036156 7.0053369523809526 50.963901642857145 #INTERPOLATE POINT
1244463 1273036157 7.0053129047619045 50.96386428571429 #INTERPOLATE POINT
1244463 1273036158 7.005288857142856 50.96382692857143 #INTERPOLATE POINT
1244463 1273036159 7.005264809523808 50.96378957142857 #INTERPOLATE POINT
1244463 1273036160 7.00524076190476 50.96375221428571 #INTERPOLATE POINT
1244463 1273036161 7.005216714285712 50.963714857142854 #INTERPOLATE POINT
1244463 1273036162 7.005192666666664 50.963677499999996 #INTERPOLATE POINT
1244463 1273036163 7.005168619047616 50.96364014285714 #INTERPOLATE POINT
1244463 1273036164 7.005144571428568 50.96360278571428 #INTERPOLATE POINT
1244463 1273036165 7.00512052380952 50.96356542857142 #INTERPOLATE POINT
1244463 1273036166 7.005096476190472 50.96352807142856 #INTERPOLATE POINT
1244463 1273036167 7.005072428571424 50.963490714285705 #INTERPOLATE POINT
1244463 1273036168 7.005048380952376 50.963453357142846 #INTERPOLATE POINT
1244463 1273036169 7.005024333333328 50.96341599999999 #INTERPOLATE POINT
1244463 1273036170 7.00500028571428 50.96337864285713 #INTERPOLATE POINT
1244463 1273036171 7.004976238095232 50.96334128571427 #INTERPOLATE POINT
1244463 1273036172 7.004952190476184 50.96330392857141 #INTERPOLATE POINT
1244463 1273036173 7.0049281428571355 50.963266571428555 #INTERPOLATE POINT
1244463 1273036174 7.004904095238087 50.9632292142857 #INTERPOLATE POINT
1244463 1273036175 7.004880047619039 50.96319185714284 #INTERPOLATE POINT
1244463 1273036176 7.004855999999991 50.96315449999998 #INTERPOLATE POINT
1244463 1273036177 7.004831952380943 50.96311714285712 #INTERPOLATE POINT
1244463 1273036178 7.004807904761895 50.963079785714264 #INTERPOLATE POINT
1244463 1273036179 7.004783857142847 50.963042428571406 #INTERPOLATE POINT
1244463 1273036180 7.004759809523799 50.96300507142855 #INTERPOLATE POINT
1244463 1273036181 7.004735761904751 50.96296771428569 #INTERPOLATE POINT
1244463 1273036182 7.004711714285703 50.96293035714283 #INTERPOLATE POINT
1244463 1273036183 7.004687666666655 50.96289299999997 #INTERPOLATE POINT
1244463 1273036184 7.004663619047607 50.962855642857114 #INTERPOLATE POINT
1244463 1273036185 7.004639571428559 50.962818285714256 #INTERPOLATE POINT
1244463 1273036186 7.004615523809511 50.9627809285714 #INTERPOLATE POINT
1244463 1273036187 7.004591476190463 50.96274357142854 #INTERPOLATE POINT
1244463 1273036188 7.004567428571415 50.96270621428568 #INTERPOLATE POINT
1244463 1273036189 7.0045433809523665 50.96266885714282 #INTERPOLATE POINT
1244463 1273036190 7.004519333333318 50.962631499999965 #INTERPOLATE POINT
1244463 1273036191 7.00449528571427 50.96259414285711 #INTERPOLATE POINT
1244463 1273036192 7.004471238095222 50.96255678571425 #INTERPOLATE POINT
1244463 1273036193 7.004447190476174 50.96251942857139 #INTERPOLATE POINT
1244463 1273036194 7.004423142857126 50.96248207142853 #INTERPOLATE POINT
1244463 1273036195 7.004399095238078 50.962444714285674 #INTERPOLATE POINT
1244463 1273036196 7.00437504761903 50.962407357142816 #INTERPOLATE POINT
1244463 1273036197 7.004351 50.96237 #LAST INTERPOLATE POINT
1244463 1273036198 7.0043215 50.9623365 #INTERPOLATE POINT
1244463 1273036199 7.0042919999999995 50.962303 #INTERPOLATE POINT
1244463 1273036200 7.004262499999999 50.9622695 #INTERPOLATE POINT
1244463 1273036201 7.004233 50.962236 #LAST INTERPOLATE POINT
1244463 1273036202 7.0041936 50.962215 #INTERPOLATE POINT
1244463 1273036203 7.004154199999999 50.962194000000004 #INTERPOLATE POINT
1244463 1273036204 7.004114799999999 50.96217300000001 #INTERPOLATE POINT
1244463 1273036205 7.004075399999999 50.96215200000001 #INTERPOLATE POINT
1244463 1273036206 7.004035999999998 50.962131000000014 #INTERPOLATE POINT
1244463 1273036207 7.003996599999998 50.96211000000002 #INTERPOLATE POINT
1244463 1273036208 7.003957199999998 50.96208900000002 #INTERPOLATE POINT
1244463 1273036209 7.003917799999997 50.96206800000002 #INTERPOLATE POINT
1244463 1273036210 7.003878399999997 50.96204700000003 #INTERPOLATE POINT
1244463 1273036211 7.003839 50.962026 #LAST INTERPOLATE POINT
1244463 1273036212 7.003795714285714 50.96202485714286 #INTERPOLATE POINT
1244463 1273036213 7.0037524285714285 50.96202371428571 #INTERPOLATE POINT
1244463 1273036214 7.003709142857143 50.96202257142857 #INTERPOLATE POINT
1244463 1273036215 7.003665857142857 50.962021428571425 #INTERPOLATE POINT
1244463 1273036216 7.003622571428571 50.96202028571428 #INTERPOLATE POINT
1244463 1273036217 7.003579285714285 50.96201914285714 #INTERPOLATE POINT
1244463 1273036218 7.003536 50.962018 #LAST INTERPOLATE POINT
1244463 1273036219 7.003492253164557 50.96202964556962 #INTERPOLATE POINT
1244463 1273036220 7.003448506329114 50.96204129113924 #INTERPOLATE POINT
1244463 1273036221 7.003404759493671 50.962052936708865 #INTERPOLATE POINT
1244463 1273036222 7.003361012658228 50.96206458227849 #INTERPOLATE POINT
1244463 1273036223 7.003317265822785 50.96207622784811 #INTERPOLATE POINT
1244463 1273036224 7.003273518987342 50.96208787341773 #INTERPOLATE POINT
1244463 1273036225 7.003229772151899 50.96209951898735 #INTERPOLATE POINT
1244463 1273036226 7.003186025316456 50.96211116455697 #INTERPOLATE POINT
1244463 1273036227 7.003142278481013 50.962122810126594 #INTERPOLATE POINT
1244463 1273036228 7.00309853164557 50.962134455696216 #INTERPOLATE POINT
1244463 1273036229 7.003054784810127 50.96214610126584 #INTERPOLATE POINT
1244463 1273036230 7.003011037974684 50.96215774683546 #INTERPOLATE POINT
1244463 1273036231 7.002967291139241 50.96216939240508 #INTERPOLATE POINT
1244463 1273036232 7.002923544303798 50.9621810379747 #INTERPOLATE POINT
1244463 1273036233 7.0028797974683545 50.96219268354432 #INTERPOLATE POINT
1244463 1273036234 7.0028360506329115 50.962204329113945 #INTERPOLATE POINT
1244463 1273036235 7.002792303797468 50.962215974683566 #INTERPOLATE POINT
1244463 1273036236 7.002748556962025 50.96222762025319 #INTERPOLATE POINT
1244463 1273036237 7.002704810126582 50.96223926582281 #INTERPOLATE POINT
1244463 1273036238 7.002661063291139 50.96225091139243 #INTERPOLATE POINT
1244463 1273036239 7.002617316455696 50.96226255696205 #INTERPOLATE POINT
1244463 1273036240 7.002573569620253 50.962274202531674 #INTERPOLATE POINT
1244463 1273036241 7.00252982278481 50.962285848101295 #INTERPOLATE POINT
1244463 1273036242 7.002486075949367 50.96229749367092 #INTERPOLATE POINT
1244463 1273036243 7.002442329113924 50.96230913924054 #INTERPOLATE POINT
1244463 1273036244 7.002398582278481 50.96232078481016 #INTERPOLATE POINT
1244463 1273036245 7.002354835443038 50.96233243037978 #INTERPOLATE POINT
1244463 1273036246 7.002311088607595 50.9623440759494 #INTERPOLATE POINT
1244463 1273036247 7.002267341772152 50.962355721519025 #INTERPOLATE POINT
1244463 1273036248 7.002223594936709 50.962367367088646 #INTERPOLATE POINT
1244463 1273036249 7.002179848101266 50.96237901265827 #INTERPOLATE POINT
1244463 1273036250 7.0021361012658225 50.96239065822789 #INTERPOLATE POINT
1244463 1273036251 7.0020923544303795 50.96240230379751 #INTERPOLATE POINT
1244463 1273036252 7.002048607594936 50.96241394936713 #INTERPOLATE POINT
1244463 1273036253 7.002004860759493 50.962425594936754 #INTERPOLATE POINT
1244463 1273036254 7.00196111392405 50.962437240506375 #INTERPOLATE POINT
1244463 1273036255 7.001917367088607 50.962448886076 #INTERPOLATE POINT
1244463 1273036256 7.001873620253164 50.96246053164562 #INTERPOLATE POINT
1244463 1273036257 7.001829873417721 50.96247217721524 #INTERPOLATE POINT
1244463 1273036258 7.001786126582278 50.96248382278486 #INTERPOLATE POINT
1244463 1273036259 7.001742379746835 50.96249546835448 #INTERPOLATE POINT
1244463 1273036260 7.001698632911392 50.962507113924104 #INTERPOLATE POINT
1244463 1273036261 7.001654886075949 50.962518759493726 #INTERPOLATE POINT
1244463 1273036262 7.001611139240506 50.96253040506335 #INTERPOLATE POINT
1244463 1273036263 7.001567392405063 50.96254205063297 #INTERPOLATE POINT
1244463 1273036264 7.00152364556962 50.96255369620259 #INTERPOLATE POINT
1244463 1273036265 7.001479898734177 50.96256534177221 #INTERPOLATE POINT
1244463 1273036266 7.001436151898734 50.96257698734183 #INTERPOLATE POINT
1244463 1273036267 7.0013924050632905 50.962588632911455 #INTERPOLATE POINT
1244463 1273036268 7.0013486582278475 50.96260027848108 #INTERPOLATE POINT
1244463 1273036269 7.001304911392404 50.9626119240507 #INTERPOLATE POINT
1244463 1273036270 7.001261164556961 50.96262356962032 #INTERPOLATE POINT
1244463 1273036271 7.001217417721518 50.96263521518994 #INTERPOLATE POINT
1244463 1273036272 7.001173670886075 50.96264686075956 #INTERPOLATE POINT
1244463 1273036273 7.001129924050632 50.962658506329184 #INTERPOLATE POINT
1244463 1273036274 7.001086177215189 50.962670151898806 #INTERPOLATE POINT
1244463 1273036275 7.001042430379746 50.96268179746843 #INTERPOLATE POINT
1244463 1273036276 7.000998683544303 50.96269344303805 #INTERPOLATE POINT
1244463 1273036277 7.00095493670886 50.96270508860767 #INTERPOLATE POINT
1244463 1273036278 7.000911189873417 50.96271673417729 #INTERPOLATE POINT
1244463 1273036279 7.000867443037974 50.96272837974691 #INTERPOLATE POINT
1244463 1273036280 7.000823696202531 50.962740025316535 #INTERPOLATE POINT
1244463 1273036281 7.000779949367088 50.962751670886156 #INTERPOLATE POINT
1244463 1273036282 7.000736202531645 50.96276331645578 #INTERPOLATE POINT
1244463 1273036283 7.000692455696202 50.9627749620254 #INTERPOLATE POINT
1244463 1273036284 7.0006487088607585 50.96278660759502 #INTERPOLATE POINT
1244463 1273036285 7.0006049620253155 50.96279825316464 #INTERPOLATE POINT
1244463 1273036286 7.000561215189872 50.962809898734264 #INTERPOLATE POINT
1244463 1273036287 7.000517468354429 50.962821544303885 #INTERPOLATE POINT
1244463 1273036288 7.000473721518986 50.96283318987351 #INTERPOLATE POINT
1244463 1273036289 7.000429974683543 50.96284483544313 #INTERPOLATE POINT
1244463 1273036290 7.0003862278481 50.96285648101275 #INTERPOLATE POINT
1244463 1273036291 7.000342481012657 50.96286812658237 #INTERPOLATE POINT
1244463 1273036292 7.000298734177214 50.96287977215199 #INTERPOLATE POINT
1244463 1273036293 7.000254987341771 50.962891417721615 #INTERPOLATE POINT
1244463 1273036294 7.000211240506328 50.962903063291236 #INTERPOLATE POINT
1244463 1273036295 7.000167493670885 50.96291470886086 #INTERPOLATE POINT
1244463 1273036296 7.000123746835442 50.96292635443048 #INTERPOLATE POINT
1244463 1273036297 7.00008 50.962938 #LAST INTERPOLATE POINT
1244463 1273036298 7.000038173913043 50.96295082608696 #INTERPOLATE POINT
1244463 1273036299 6.9999963478260865 50.96296365217392 #INTERPOLATE POINT
1244463 1273036300 6.99995452173913 50.96297647826088 #INTERPOLATE POINT
1244463 1273036301 6.999912695652173 50.962989304347836 #INTERPOLATE POINT
1244463 1273036302 6.999870869565217 50.963002130434795 #INTERPOLATE POINT
1244463 1273036303 6.99982904347826 50.963014956521754 #INTERPOLATE POINT
1244463 1273036304 6.999787217391304 50.96302778260871 #INTERPOLATE POINT
1244463 1273036305 6.999745391304347 50.96304060869567 #INTERPOLATE POINT
1244463 1273036306 6.9997035652173905 50.96305343478263 #INTERPOLATE POINT
1244463 1273036307 6.999661739130434 50.96306626086959 #INTERPOLATE POINT
1244463 1273036308 6.999619913043477 50.96307908695655 #INTERPOLATE POINT
1244463 1273036309 6.999578086956521 50.963091913043506 #INTERPOLATE POINT
1244463 1273036310 6.999536260869564 50.963104739130465 #INTERPOLATE POINT
1244463 1273036311 6.999494434782608 50.96311756521742 #INTERPOLATE POINT
1244463 1273036312 6.999452608695651 50.96313039130438 #INTERPOLATE POINT
1244463 1273036313 6.999410782608694 50.96314321739134 #INTERPOLATE POINT
1244463 1273036314 6.999368956521738 50.9631560434783 #INTERPOLATE POINT
1244463 1273036315 6.999327130434781 50.96316886956526 #INTERPOLATE POINT
1244463 1273036316 6.999285304347825 50.96318169565222 #INTERPOLATE POINT
1244463 1273036317 6.999243478260868 50.963194521739176 #INTERPOLATE POINT
1244463 1273036318 6.9992016521739115 50.963207347826135 #INTERPOLATE POINT
1244463 1273036319 6.999159826086955 50.96322017391309 #INTERPOLATE POINT
1244463 1273036320 6.999118 50.963233 #LAST INTERPOLATE POINT
1244463 1273036320 6.999118 50.963233 #NO INTERPOLATE
1244463 1273036321 6.998952961538461 50.963283730769234 #INTERPOLATE POINT
1244463 1273036322 6.9987879230769225 50.963334461538466 #INTERPOLATE POINT
1244463 1273036323 6.998622884615384 50.9633851923077 #INTERPOLATE POINT
1244463 1273036324 6.998457846153845 50.96343592307693 #INTERPOLATE POINT
1244463 1273036325 6.998292807692306 50.96348665384616 #INTERPOLATE POINT
1244463 1273036326 6.998127769230767 50.96353738461539 #INTERPOLATE POINT
1244463 1273036327 6.9979627307692285 50.963588115384624 #INTERPOLATE POINT
1244463 1273036328 6.99779769230769 50.963638846153856 #INTERPOLATE POINT
1244463 1273036329 6.997632653846151 50.96368957692309 #INTERPOLATE POINT
1244463 1273036330 6.997467615384612 50.96374030769232 #INTERPOLATE POINT
1244463 1273036331 6.997302576923073 50.96379103846155 #INTERPOLATE POINT
1244463 1273036332 6.997137538461534 50.96384176923078 #INTERPOLATE POINT
1244463 1273036333 6.996972499999996 50.963892500000014 #INTERPOLATE POINT
1244463 1273036334 6.996807461538457 50.963943230769246 #INTERPOLATE POINT
1244463 1273036335 6.996642423076918 50.96399396153848 #INTERPOLATE POINT
1244463 1273036336 6.996477384615379 50.96404469230771 #INTERPOLATE POINT
1244463 1273036337 6.99631234615384 50.96409542307694 #INTERPOLATE POINT
1244463 1273036338 6.9961473076923015 50.96414615384617 #INTERPOLATE POINT
1244463 1273036339 6.995982269230763 50.964196884615404 #INTERPOLATE POINT
1244463 1273036340 6.995817230769224 50.964247615384636 #INTERPOLATE POINT
1244463 1273036341 6.995652192307685 50.96429834615387 #INTERPOLATE POINT
1244463 1273036342 6.995487153846146 50.9643490769231 #INTERPOLATE POINT
1244463 1273036343 6.9953221153846075 50.96439980769233 #INTERPOLATE POINT
1244463 1273036344 6.995157076923069 50.96445053846156 #INTERPOLATE POINT
1244463 1273036345 6.99499203846153 50.964501269230794 #INTERPOLATE POINT
1244463 1273036346 6.994826999999991 50.964552000000026 #INTERPOLATE POINT
1244463 1273036347 6.994661961538452 50.96460273076926 #INTERPOLATE POINT
1244463 1273036348 6.994496923076913 50.96465346153849 #INTERPOLATE POINT
1244463 1273036349 6.994331884615375 50.96470419230772 #INTERPOLATE POINT
1244463 1273036350 6.994166846153836 50.96475492307695 #INTERPOLATE POINT
1244463 1273036351 6.994001807692297 50.964805653846184 #INTERPOLATE POINT
1244463 1273036352 6.993836769230758 50.964856384615416 #INTERPOLATE POINT
1244463 1273036353 6.993671730769219 50.96490711538465 #INTERPOLATE POINT
1244463 1273036354 6.9935066923076805 50.96495784615388 #INTERPOLATE POINT
1244463 1273036355 6.993341653846142 50.96500857692311 #INTERPOLATE POINT
1244463 1273036356 6.993176615384603 50.96505930769234 #INTERPOLATE POINT
1244463 1273036357 6.993011576923064 50.965110038461575 #INTERPOLATE POINT
1244463 1273036358 6.992846538461525 50.965160769230806 #INTERPOLATE POINT
1244463 1273036359 6.9926814999999864 50.96521150000004 #INTERPOLATE POINT
1244463 1273036360 6.992516461538448 50.96526223076927 #INTERPOLATE POINT
1244463 1273036361 6.992351423076909 50.9653129615385 #INTERPOLATE POINT
1244463 1273036362 6.99218638461537 50.96536369230773 #INTERPOLATE POINT
1244463 1273036363 6.992021346153831 50.965414423076965 #INTERPOLATE POINT
1244463 1273036364 6.991856307692292 50.965465153846196 #INTERPOLATE POINT
1244463 1273036365 6.991691269230754 50.96551588461543 #INTERPOLATE POINT
1244463 1273036366 6.991526230769215 50.96556661538466 #INTERPOLATE POINT
1244463 1273036367 6.991361192307676 50.96561734615389 #INTERPOLATE POINT
1244463 1273036368 6.991196153846137 50.96566807692312 #INTERPOLATE POINT
1244463 1273036369 6.991031115384598 50.965718807692355 #INTERPOLATE POINT
1244463 1273036370 6.9908660769230595 50.965769538461586 #INTERPOLATE POINT
1244463 1273036371 6.990701038461521 50.96582026923082 #INTERPOLATE POINT
1244463 1273036372 6.990536 50.965871 #LAST INTERPOLATE POINT
1244463 1273036373 6.990384799999999 50.9659474 #INTERPOLATE POINT
1244463 1273036374 6.990233599999999 50.966023799999995 #INTERPOLATE POINT
1244463 1273036375 6.990082399999999 50.96610019999999 #INTERPOLATE POINT
1244463 1273036376 6.989931199999998 50.96617659999999 #INTERPOLATE POINT
1244463 1273036377 6.989779999999998 50.96625299999999 #INTERPOLATE POINT
1244463 1273036378 6.9896287999999975 50.966329399999985 #INTERPOLATE POINT
1244463 1273036379 6.989477599999997 50.96640579999998 #INTERPOLATE POINT
1244463 1273036380 6.989326399999997 50.96648219999998 #INTERPOLATE POINT
1244463 1273036381 6.9891751999999965 50.96655859999998 #INTERPOLATE POINT
1244463 1273036382 6.989024 50.966635 #LAST INTERPOLATE POINT
1244463 1273036383 6.988856666666666 50.966653 #INTERPOLATE POINT
1244463 1273036384 6.988689333333332 50.966671000000005 #INTERPOLATE POINT
1244463 1273036385 6.988522 50.966689 #LAST INTERPOLATE POINT
1244463 1273036386 6.9883299999999995 50.966647 #INTERPOLATE POINT
1244463 1273036387 6.988138 50.966605 #LAST INTERPOLATE POINT
1244463 1273036388 6.987980666666667 50.96648166666667 #INTERPOLATE POINT
1244463 1273036389 6.987823333333334 50.96635833333333 #INTERPOLATE POINT
1244463 1273036390 6.987666 50.966235 #LAST INTERPOLATE POINT
1244463 1273036391 6.987603166666666 50.96608383333333 #INTERPOLATE POINT
1244463 1273036392 6.987540333333333 50.96593266666666 #INTERPOLATE POINT
1244463 1273036393 6.987477499999999 50.96578149999999 #INTERPOLATE POINT
1244463 1273036394 6.987414666666665 50.96563033333332 #INTERPOLATE POINT
1244463 1273036395 6.9873518333333315 50.965479166666654 #INTERPOLATE POINT
1244463 1273036396 6.987289 50.965328 #LAST INTERPOLATE POINT
1244463 1273036397 6.987145666666667 50.965223 #INTERPOLATE POINT
1244463 1273036398 6.987002333333334 50.965118000000004 #INTERPOLATE POINT
1244463 1273036399 6.986859 50.965013 #LAST INTERPOLATE POINT
1244463 1273036400 6.986703863636364 50.964947227272724 #INTERPOLATE POINT
1244463 1273036401 6.986548727272727 50.96488145454545 #INTERPOLATE POINT
1244463 1273036402 6.986393590909091 50.96481568181817 #INTERPOLATE POINT
1244463 1273036403 6.986238454545455 50.9647499090909 #INTERPOLATE POINT
1244463 1273036404 6.9860833181818185 50.96468413636362 #INTERPOLATE POINT
1244463 1273036405 6.985928181818182 50.96461836363635 #INTERPOLATE POINT
1244463 1273036406 6.985773045454546 50.96455259090907 #INTERPOLATE POINT
1244463 1273036407 6.98561790909091 50.9644868181818 #INTERPOLATE POINT
1244463 1273036408 6.985462772727273 50.96442104545452 #INTERPOLATE POINT
1244463 1273036409 6.985307636363637 50.964355272727246 #INTERPOLATE POINT
1244463 1273036410 6.985152500000001 50.96428949999997 #INTERPOLATE POINT
1244463 1273036411 6.9849973636363645 50.964223727272696 #INTERPOLATE POINT
1244463 1273036412 6.984842227272728 50.96415795454542 #INTERPOLATE POINT
1244463 1273036413 6.984687090909092 50.964092181818145 #INTERPOLATE POINT
1244463 1273036414 6.984531954545456 50.96402640909087 #INTERPOLATE POINT
1244463 1273036415 6.984376818181819 50.963960636363595 #INTERPOLATE POINT
1244463 1273036416 6.984221681818183 50.96389486363632 #INTERPOLATE POINT
1244463 1273036417 6.984066545454547 50.963829090909044 #INTERPOLATE POINT
1244463 1273036418 6.9839114090909105 50.96376331818177 #INTERPOLATE POINT
1244463 1273036419 6.983756272727274 50.963697545454494 #INTERPOLATE POINT
1244463 1273036420 6.983601136363638 50.96363177272722 #INTERPOLATE POINT
1244463 1273036421 6.983446000000002 50.96356599999994 #INTERPOLATE POINT
1244463 1273036422 6.983290863636365 50.96350022727267 #INTERPOLATE POINT
1244463 1273036423 6.983135727272729 50.96343445454539 #INTERPOLATE POINT
1244463 1273036424 6.982980590909093 50.96336868181812 #INTERPOLATE POINT
1244463 1273036425 6.9828254545454564 50.96330290909084 #INTERPOLATE POINT
1244463 1273036426 6.98267031818182 50.96323713636357 #INTERPOLATE POINT
1244463 1273036427 6.982515181818184 50.96317136363629 #INTERPOLATE POINT
1244463 1273036428 6.982360045454548 50.96310559090902 #INTERPOLATE POINT
1244463 1273036429 6.982204909090911 50.96303981818174 #INTERPOLATE POINT
1244463 1273036430 6.982049772727275 50.962974045454466 #INTERPOLATE POINT
1244463 1273036431 6.981894636363639 50.96290827272719 #INTERPOLATE POINT
1244463 1273036432 6.981739500000002 50.962842499999915 #INTERPOLATE POINT
1244463 1273036433 6.981584363636366 50.96277672727264 #INTERPOLATE POINT
1244463 1273036434 6.98142922727273 50.962710954545365 #INTERPOLATE POINT
1244463 1273036435 6.981274090909094 50.96264518181809 #INTERPOLATE POINT
1244463 1273036436 6.981118954545457 50.962579409090814 #INTERPOLATE POINT
1244463 1273036437 6.980963818181821 50.96251363636354 #INTERPOLATE POINT
1244463 1273036438 6.980808681818185 50.962447863636264 #INTERPOLATE POINT
1244463 1273036439 6.980653545454548 50.96238209090899 #INTERPOLATE POINT
1244463 1273036440 6.980498409090912 50.96231631818171 #INTERPOLATE POINT
1244463 1273036441 6.980343272727276 50.96225054545444 #INTERPOLATE POINT
1244463 1273036442 6.9801881363636396 50.96218477272716 #INTERPOLATE POINT
1244463 1273036443 6.980033 50.962119 #LAST INTERPOLATE POINT
1244463 1273036444 6.979892575 50.962017475 #INTERPOLATE POINT
1244463 1273036445 6.97975215 50.961915950000005 #INTERPOLATE POINT
1244463 1273036446 6.979611725000001 50.96181442500001 #INTERPOLATE POINT
1244463 1273036447 6.979471300000001 50.96171290000001 #INTERPOLATE POINT
1244463 1273036448 6.979330875000001 50.96161137500001 #INTERPOLATE POINT
1244463 1273036449 6.979190450000002 50.96150985000001 #INTERPOLATE POINT
1244463 1273036450 6.979050025000002 50.961408325000015 #INTERPOLATE POINT
1244463 1273036451 6.978909600000002 50.96130680000002 #INTERPOLATE POINT
1244463 1273036452 6.978769175000003 50.96120527500002 #INTERPOLATE POINT
1244463 1273036453 6.978628750000003 50.96110375000002 #INTERPOLATE POINT
1244463 1273036454 6.978488325000003 50.96100222500002 #INTERPOLATE POINT
1244463 1273036455 6.978347900000004 50.960900700000025 #INTERPOLATE POINT
1244463 1273036456 6.978207475000004 50.96079917500003 #INTERPOLATE POINT
1244463 1273036457 6.978067050000004 50.96069765000003 #INTERPOLATE POINT
1244463 1273036458 6.977926625000005 50.96059612500003 #INTERPOLATE POINT
1244463 1273036459 6.977786200000005 50.96049460000003 #INTERPOLATE POINT
1244463 1273036460 6.977645775000005 50.960393075000034 #INTERPOLATE POINT
1244463 1273036461 6.977505350000006 50.960291550000036 #INTERPOLATE POINT
1244463 1273036462 6.977364925000006 50.96019002500004 #INTERPOLATE POINT
1244463 1273036463 6.977224500000006 50.96008850000004 #INTERPOLATE POINT
1244463 1273036464 6.977084075000007 50.95998697500004 #INTERPOLATE POINT
1244463 1273036465 6.976943650000007 50.959885450000044 #INTERPOLATE POINT
1244463 1273036466 6.976803225000007 50.959783925000046 #INTERPOLATE POINT
1244463 1273036467 6.976662800000008 50.95968240000005 #INTERPOLATE POINT
1244463 1273036468 6.976522375000008 50.95958087500005 #INTERPOLATE POINT
1244463 1273036469 6.976381950000008 50.95947935000005 #INTERPOLATE POINT
1244463 1273036470 6.976241525000009 50.959377825000054 #INTERPOLATE POINT
1244463 1273036471 6.976101100000009 50.959276300000056 #INTERPOLATE POINT
1244463 1273036472 6.975960675000009 50.95917477500006 #INTERPOLATE POINT
1244463 1273036473 6.97582025000001 50.95907325000006 #INTERPOLATE POINT
1244463 1273036474 6.97567982500001 50.95897172500006 #INTERPOLATE POINT
1244463 1273036475 6.97553940000001 50.958870200000064 #INTERPOLATE POINT
1244463 1273036476 6.975398975000011 50.958768675000066 #INTERPOLATE POINT
1244463 1273036477 6.975258550000011 50.95866715000007 #INTERPOLATE POINT
1244463 1273036478 6.975118125000011 50.95856562500007 #INTERPOLATE POINT
1244463 1273036479 6.974977700000012 50.95846410000007 #INTERPOLATE POINT
1244463 1273036480 6.974837275000012 50.95836257500007 #INTERPOLATE POINT
1244463 1273036481 6.974696850000012 50.958261050000075 #INTERPOLATE POINT
1244463 1273036482 6.974556425000013 50.95815952500008 #INTERPOLATE POINT
1244463 1273036483 6.974416 50.958058 #LAST INTERPOLATE POINT
1244463 1273036484 6.9742478 50.957975 #INTERPOLATE POINT
1244463 1273036485 6.9740796 50.957891999999994 #INTERPOLATE POINT
1244463 1273036486 6.9739113999999995 50.95780899999999 #INTERPOLATE POINT
1244463 1273036487 6.9737431999999995 50.95772599999999 #INTERPOLATE POINT
1244463 1273036488 6.973575 50.957643 #LAST INTERPOLATE POINT
1244463 1273036489 6.973418166666667 50.9575841 #INTERPOLATE POINT
1244463 1273036490 6.973261333333333 50.9575252 #INTERPOLATE POINT
1244463 1273036491 6.9731045 50.9574663 #INTERPOLATE POINT
1244463 1273036492 6.972947666666666 50.9574074 #INTERPOLATE POINT
1244463 1273036493 6.972790833333333 50.9573485 #INTERPOLATE POINT
1244463 1273036494 6.972633999999999 50.9572896 #INTERPOLATE POINT
1244463 1273036495 6.972477166666666 50.957230700000004 #INTERPOLATE POINT
1244463 1273036496 6.972320333333332 50.957171800000005 #INTERPOLATE POINT
1244463 1273036497 6.972163499999999 50.957112900000006 #INTERPOLATE POINT
1244463 1273036498 6.972006666666665 50.95705400000001 #INTERPOLATE POINT
1244463 1273036499 6.971849833333332 50.95699510000001 #INTERPOLATE POINT
1244463 1273036500 6.971692999999998 50.95693620000001 #INTERPOLATE POINT
1244463 1273036501 6.971536166666665 50.95687730000001 #INTERPOLATE POINT
1244463 1273036502 6.971379333333331 50.95681840000001 #INTERPOLATE POINT
1244463 1273036503 6.971222499999998 50.95675950000001 #INTERPOLATE POINT
1244463 1273036504 6.971065666666664 50.95670060000001 #INTERPOLATE POINT
1244463 1273036505 6.970908833333331 50.95664170000001 #INTERPOLATE POINT
1244463 1273036506 6.970751999999997 50.956582800000014 #INTERPOLATE POINT
1244463 1273036507 6.970595166666664 50.956523900000015 #INTERPOLATE POINT
1244463 1273036508 6.97043833333333 50.956465000000016 #INTERPOLATE POINT
1244463 1273036509 6.970281499999997 50.95640610000002 #INTERPOLATE POINT
1244463 1273036510 6.970124666666663 50.95634720000002 #INTERPOLATE POINT
1244463 1273036511 6.96996783333333 50.95628830000002 #INTERPOLATE POINT
1244463 1273036512 6.969810999999996 50.95622940000002 #INTERPOLATE POINT
1244463 1273036513 6.969654166666663 50.95617050000002 #INTERPOLATE POINT
1244463 1273036514 6.969497333333329 50.95611160000002 #INTERPOLATE POINT
1244463 1273036515 6.969340499999996 50.95605270000002 #INTERPOLATE POINT
1244463 1273036516 6.9691836666666624 50.95599380000002 #INTERPOLATE POINT
1244463 1273036517 6.969026833333329 50.955934900000024 #INTERPOLATE POINT
1244463 1273036518 6.96887 50.955876 #LAST INTERPOLATE POINT
1244463 1273036519 6.968999 50.955763133333335 #INTERPOLATE POINT
1244463 1273036520 6.969128 50.955650266666666 #INTERPOLATE POINT
1244463 1273036521 6.969257000000001 50.9555374 #INTERPOLATE POINT
1244463 1273036522 6.969386000000001 50.95542453333333 #INTERPOLATE POINT
1244463 1273036523 6.969515000000001 50.95531166666666 #INTERPOLATE POINT
1244463 1273036524 6.9696440000000015 50.95519879999999 #INTERPOLATE POINT
1244463 1273036525 6.969773000000002 50.95508593333332 #INTERPOLATE POINT
1244463 1273036526 6.969902000000002 50.95497306666665 #INTERPOLATE POINT
1244463 1273036527 6.970031000000002 50.954860199999985 #INTERPOLATE POINT
1244463 1273036528 6.970160000000003 50.954747333333316 #INTERPOLATE POINT
1244463 1273036529 6.970289000000003 50.95463446666665 #INTERPOLATE POINT
1244463 1273036530 6.970418000000003 50.95452159999998 #INTERPOLATE POINT
1244463 1273036531 6.970547000000003 50.95440873333331 #INTERPOLATE POINT
1244463 1273036532 6.970676000000004 50.95429586666664 #INTERPOLATE POINT
1244463 1273036533 6.970805 50.954183 #LAST INTERPOLATE POINT
1244463 1273036534 6.970669583333334 50.95407675 #INTERPOLATE POINT
1244463 1273036535 6.970534166666667 50.9539705 #INTERPOLATE POINT
1244463 1273036536 6.97039875 50.953864249999995 #INTERPOLATE POINT
1244463 1273036537 6.9702633333333335 50.95375799999999 #INTERPOLATE POINT
1244463 1273036538 6.970127916666667 50.95365174999999 #INTERPOLATE POINT
1244463 1273036539 6.9699925 50.95354549999999 #INTERPOLATE POINT
1244463 1273036540 6.969857083333333 50.95343924999999 #INTERPOLATE POINT
1244463 1273036541 6.969721666666667 50.953332999999986 #INTERPOLATE POINT
1244463 1273036542 6.96958625 50.953226749999985 #INTERPOLATE POINT
1244463 1273036543 6.969450833333333 50.95312049999998 #INTERPOLATE POINT
1244463 1273036544 6.969315416666666 50.95301424999998 #INTERPOLATE POINT
1244463 1273036545 6.96918 50.952908 #LAST INTERPOLATE POINT
1244463 1273036546 6.969056866666667 50.95279453333333 #INTERPOLATE POINT
1244463 1273036547 6.968933733333333 50.95268106666666 #INTERPOLATE POINT
1244463 1273036548 6.9688106 50.952567599999995 #INTERPOLATE POINT
1244463 1273036549 6.968687466666667 50.952454133333326 #INTERPOLATE POINT
1244463 1273036550 6.968564333333334 50.95234066666666 #INTERPOLATE POINT
1244463 1273036551 6.968441200000001 50.95222719999999 #INTERPOLATE POINT
1244463 1273036552 6.968318066666668 50.95211373333332 #INTERPOLATE POINT
1244463 1273036553 6.968194933333335 50.95200026666665 #INTERPOLATE POINT
1244463 1273036554 6.9680718000000015 50.95188679999998 #INTERPOLATE POINT
1244463 1273036555 6.967948666666668 50.951773333333314 #INTERPOLATE POINT
1244463 1273036556 6.967825533333335 50.951659866666645 #INTERPOLATE POINT
1244463 1273036557 6.967702400000002 50.95154639999998 #INTERPOLATE POINT
1244463 1273036558 6.967579266666669 50.95143293333331 #INTERPOLATE POINT
1244463 1273036559 6.967456133333336 50.95131946666664 #INTERPOLATE POINT
1244463 1273036560 6.967333 50.951206 #LAST INTERPOLATE POINT
1244463 1273036560 6.967333 50.951206 #NO INTERPOLATE
1244463 1273036561 6.967259666666667 50.95113311111111 #INTERPOLATE POINT
1244463 1273036562 6.967186333333334 50.951060222222225 #INTERPOLATE POINT
1244463 1273036563 6.967113000000001 50.95098733333334 #INTERPOLATE POINT
1244463 1273036564 6.967039666666668 50.95091444444445 #INTERPOLATE POINT
1244463 1273036565 6.966966333333335 50.95084155555556 #INTERPOLATE POINT
1244463 1273036566 6.9668930000000024 50.950768666666676 #INTERPOLATE POINT
1244463 1273036567 6.9668196666666695 50.95069577777779 #INTERPOLATE POINT
1244463 1273036568 6.966746333333337 50.9506228888889 #INTERPOLATE POINT
1244463 1273036569 6.966673 50.95055 #LAST INTERPOLATE POINT
1244463 1273036570 6.966597 50.9505305 #INTERPOLATE POINT
1244463 1273036571 6.966521 50.950511 #LAST INTERPOLATE POINT
1244463 1273036572 6.966425666666667 50.95053333333333 #INTERPOLATE POINT
1244463 1273036573 6.9663303333333335 50.950555666666666 #INTERPOLATE POINT
1244463 1273036574 6.966235 50.950578 #INTERPOLATE POINT
1244463 1273036575 6.966139666666667 50.950600333333334 #INTERPOLATE POINT
1244463 1273036576 6.9660443333333335 50.95062266666667 #INTERPOLATE POINT
1244463 1273036577 6.965949 50.950645 #LAST INTERPOLATE POINT
1244463 1273036578 6.965856916666667 50.95065120833333 #INTERPOLATE POINT
1244463 1273036579 6.965764833333333 50.950657416666665 #INTERPOLATE POINT
1244463 1273036580 6.9656727499999995 50.950663625 #INTERPOLATE POINT
1244463 1273036581 6.965580666666666 50.95066983333333 #INTERPOLATE POINT
1244463 1273036582 6.965488583333332 50.95067604166666 #INTERPOLATE POINT
1244463 1273036583 6.965396499999999 50.95068224999999 #INTERPOLATE POINT
1244463 1273036584 6.965304416666665 50.950688458333325 #INTERPOLATE POINT
1244463 1273036585 6.965212333333332 50.95069466666666 #INTERPOLATE POINT
1244463 1273036586 6.965120249999998 50.95070087499999 #INTERPOLATE POINT
1244463 1273036587 6.965028166666665 50.95070708333332 #INTERPOLATE POINT
1244463 1273036588 6.964936083333331 50.95071329166665 #INTERPOLATE POINT
1244463 1273036589 6.964843999999998 50.950719499999984 #INTERPOLATE POINT
1244463 1273036590 6.964751916666664 50.950725708333316 #INTERPOLATE POINT
1244463 1273036591 6.9646598333333305 50.95073191666665 #INTERPOLATE POINT
1244463 1273036592 6.964567749999997 50.95073812499998 #INTERPOLATE POINT
1244463 1273036593 6.964475666666663 50.95074433333331 #INTERPOLATE POINT
1244463 1273036594 6.96438358333333 50.95075054166664 #INTERPOLATE POINT
1244463 1273036595 6.964291499999996 50.950756749999975 #INTERPOLATE POINT
1244463 1273036596 6.964199416666663 50.95076295833331 #INTERPOLATE POINT
1244463 1273036597 6.964107333333329 50.95076916666664 #INTERPOLATE POINT
1244463 1273036598 6.964015249999996 50.95077537499997 #INTERPOLATE POINT
1244463 1273036599 6.963923166666662 50.9507815833333 #INTERPOLATE POINT
1244463 1273036600 6.963831083333329 50.950787791666635 #INTERPOLATE POINT
1244463 1273036601 6.963738999999995 50.950793999999966 #INTERPOLATE POINT
1244463 1273036602 6.9636469166666615 50.9508002083333 #INTERPOLATE POINT
1244463 1273036603 6.963554833333328 50.95080641666663 #INTERPOLATE POINT
1244463 1273036604 6.963462749999994 50.95081262499996 #INTERPOLATE POINT
1244463 1273036605 6.963370666666661 50.950818833333294 #INTERPOLATE POINT
1244463 1273036606 6.963278583333327 50.950825041666626 #INTERPOLATE POINT
1244463 1273036607 6.963186499999994 50.95083124999996 #INTERPOLATE POINT
1244463 1273036608 6.96309441666666 50.95083745833329 #INTERPOLATE POINT
1244463 1273036609 6.963002333333327 50.95084366666662 #INTERPOLATE POINT
1244463 1273036610 6.962910249999993 50.95084987499995 #INTERPOLATE POINT
1244463 1273036611 6.9628181666666595 50.950856083333285 #INTERPOLATE POINT
1244463 1273036612 6.962726083333326 50.95086229166662 #INTERPOLATE POINT
1244463 1273036613 6.962633999999992 50.95086849999995 #INTERPOLATE POINT
1244463 1273036614 6.962541916666659 50.95087470833328 #INTERPOLATE POINT
1244463 1273036615 6.962449833333325 50.95088091666661 #INTERPOLATE POINT
1244463 1273036616 6.962357749999992 50.950887124999944 #INTERPOLATE POINT
1244463 1273036617 6.962265666666658 50.950893333333276 #INTERPOLATE POINT
1244463 1273036618 6.962173583333325 50.95089954166661 #INTERPOLATE POINT
1244463 1273036619 6.962081499999991 50.95090574999994 #INTERPOLATE POINT
1244463 1273036620 6.961989416666658 50.95091195833327 #INTERPOLATE POINT
1244463 1273036621 6.961897333333324 50.950918166666604 #INTERPOLATE POINT
1244463 1273036622 6.9618052499999905 50.950924374999936 #INTERPOLATE POINT
1244463 1273036623 6.961713166666657 50.95093058333327 #INTERPOLATE POINT
1244463 1273036624 6.961621083333323 50.9509367916666 #INTERPOLATE POINT
1244463 1273036625 6.961529 50.950943 #LAST INTERPOLATE POINT
1244463 1273036626 6.961429307692307 50.95094676923077 #INTERPOLATE POINT
1244463 1273036627 6.9613296153846145 50.950950538461534 #INTERPOLATE POINT
1244463 1273036628 6.961229923076922 50.9509543076923 #INTERPOLATE POINT
1244463 1273036629 6.961130230769229 50.950958076923065 #INTERPOLATE POINT
1244463 1273036630 6.961030538461537 50.95096184615383 #INTERPOLATE POINT
1244463 1273036631 6.960930846153844 50.9509656153846 #INTERPOLATE POINT
1244463 1273036632 6.960831153846152 50.95096938461536 #INTERPOLATE POINT
1244463 1273036633 6.960731461538459 50.95097315384613 #INTERPOLATE POINT
1244463 1273036634 6.960631769230766 50.950976923076894 #INTERPOLATE POINT
1244463 1273036635 6.960532076923074 50.95098069230766 #INTERPOLATE POINT
1244463 1273036636 6.960432384615381 50.950984461538425 #INTERPOLATE POINT
1244463 1273036637 6.960332692307689 50.95098823076919 #INTERPOLATE POINT
1244463 1273036638 6.960233 50.950992 #LAST INTERPOLATE POINT
1244463 1273036639 6.960141322580645 50.950989774193545 #INTERPOLATE POINT
1244463 1273036640 6.96004964516129 50.95098754838709 #INTERPOLATE POINT
1244463 1273036641 6.959957967741936 50.950985322580635 #INTERPOLATE POINT
1244463 1273036642 6.959866290322581 50.95098309677418 #INTERPOLATE POINT
1244463 1273036643 6.959774612903226 50.950980870967726 #INTERPOLATE POINT
1244463 1273036644 6.959682935483872 50.95097864516127 #INTERPOLATE POINT
1244463 1273036645 6.959591258064517 50.95097641935482 #INTERPOLATE POINT
1244463 1273036646 6.959499580645162 50.95097419354836 #INTERPOLATE POINT
1244463 1273036647 6.959407903225808 50.95097196774191 #INTERPOLATE POINT
1244463 1273036648 6.959316225806453 50.95096974193545 #INTERPOLATE POINT
1244463 1273036649 6.959224548387098 50.950967516129 #INTERPOLATE POINT
1244463 1273036650 6.959132870967744 50.95096529032254 #INTERPOLATE POINT
1244463 1273036651 6.959041193548389 50.95096306451609 #INTERPOLATE POINT
1244463 1273036652 6.958949516129034 50.95096083870963 #INTERPOLATE POINT
1244463 1273036653 6.9588578387096796 50.95095861290318 #INTERPOLATE POINT
1244463 1273036654 6.958766161290325 50.950956387096724 #INTERPOLATE POINT
1244463 1273036655 6.95867448387097 50.95095416129027 #INTERPOLATE POINT
1244463 1273036656 6.9585828064516155 50.950951935483815 #INTERPOLATE POINT
1244463 1273036657 6.958491129032261 50.95094970967736 #INTERPOLATE POINT
1244463 1273036658 6.958399451612906 50.950947483870905 #INTERPOLATE POINT
1244463 1273036659 6.9583077741935515 50.95094525806445 #INTERPOLATE POINT
1244463 1273036660 6.958216096774197 50.950943032257996 #INTERPOLATE POINT
1244463 1273036661 6.958124419354842 50.95094080645154 #INTERPOLATE POINT
1244463 1273036662 6.9580327419354875 50.95093858064509 #INTERPOLATE POINT
1244463 1273036663 6.957941064516133 50.95093635483863 #INTERPOLATE POINT
1244463 1273036664 6.957849387096778 50.95093412903218 #INTERPOLATE POINT
1244463 1273036665 6.9577577096774235 50.95093190322572 #INTERPOLATE POINT
1244463 1273036666 6.957666032258069 50.95092967741927 #INTERPOLATE POINT
1244463 1273036667 6.957574354838714 50.95092745161281 #INTERPOLATE POINT
1244463 1273036668 6.957482677419359 50.95092522580636 #INTERPOLATE POINT
1244463 1273036669 6.957391 50.950923 #LAST INTERPOLATE POINT
1244463 1273036670 6.9572978333333335 50.95089333333333 #INTERPOLATE POINT
1244463 1273036671 6.957204666666667 50.95086366666666 #INTERPOLATE POINT
1244463 1273036672 6.9571115 50.95083399999999 #INTERPOLATE POINT
1244463 1273036673 6.957018333333333 50.95080433333332 #INTERPOLATE POINT
1244463 1273036674 6.956925166666666 50.95077466666665 #INTERPOLATE POINT
1244463 1273036675 6.956832 50.950745 #LAST INTERPOLATE POINT
1244463 1273036676 6.95675225 50.950702375 #INTERPOLATE POINT
1244463 1273036677 6.9566725 50.95065975 #INTERPOLATE POINT
1244463 1273036678 6.9565927499999995 50.950617125 #INTERPOLATE POINT
1244463 1273036679 6.956512999999999 50.9505745 #INTERPOLATE POINT
1244463 1273036680 6.956433249999999 50.950531875 #INTERPOLATE POINT
1244463 1273036681 6.956353499999999 50.950489250000004 #INTERPOLATE POINT
1244463 1273036682 6.9562737499999985 50.950446625000005 #INTERPOLATE POINT
1244463 1273036683 6.956194 50.950404 #LAST INTERPOLATE POINT
1244463 1273036684 6.956103521739131 50.95037441304348 #INTERPOLATE POINT
1244463 1273036685 6.956013043478261 50.950344826086955 #INTERPOLATE POINT
1244463 1273036686 6.955922565217392 50.95031523913043 #INTERPOLATE POINT
1244463 1273036687 6.955832086956523 50.95028565217391 #INTERPOLATE POINT
1244463 1273036688 6.955741608695654 50.95025606521739 #INTERPOLATE POINT
1244463 1273036689 6.955651130434784 50.950226478260866 #INTERPOLATE POINT
1244463 1273036690 6.955560652173915 50.950196891304344 #INTERPOLATE POINT
1244463 1273036691 6.955470173913046 50.95016730434782 #INTERPOLATE POINT
1244463 1273036692 6.9553796956521765 50.9501377173913 #INTERPOLATE POINT
1244463 1273036693 6.955289217391307 50.95010813043478 #INTERPOLATE POINT
1244463 1273036694 6.955198739130438 50.950078543478256 #INTERPOLATE POINT
1244463 1273036695 6.955108260869569 50.950048956521734 #INTERPOLATE POINT
1244463 1273036696 6.955017782608699 50.95001936956521 #INTERPOLATE POINT
1244463 1273036697 6.95492730434783 50.94998978260869 #INTERPOLATE POINT
1244463 1273036698 6.954836826086961 50.94996019565217 #INTERPOLATE POINT
1244463 1273036699 6.954746347826092 50.949930608695645 #INTERPOLATE POINT
1244463 1273036700 6.954655869565222 50.94990102173912 #INTERPOLATE POINT
1244463 1273036701 6.954565391304353 50.9498714347826 #INTERPOLATE POINT
1244463 1273036702 6.954474913043484 50.94984184782608 #INTERPOLATE POINT
1244463 1273036703 6.9543844347826145 50.94981226086956 #INTERPOLATE POINT
1244463 1273036704 6.954293956521745 50.949782673913035 #INTERPOLATE POINT
1244463 1273036705 6.954203478260876 50.94975308695651 #INTERPOLATE POINT
1244463 1273036706 6.954113000000007 50.94972349999999 #INTERPOLATE POINT
1244463 1273036707 6.954022521739137 50.94969391304347 #INTERPOLATE POINT
1244463 1273036708 6.953932043478268 50.949664326086946 #INTERPOLATE POINT
1244463 1273036709 6.953841565217399 50.949634739130424 #INTERPOLATE POINT
1244463 1273036710 6.9537510869565295 50.9496051521739 #INTERPOLATE POINT
1244463 1273036711 6.95366060869566 50.94957556521738 #INTERPOLATE POINT
1244463 1273036712 6.953570130434791 50.94954597826086 #INTERPOLATE POINT
1244463 1273036713 6.953479652173922 50.949516391304336 #INTERPOLATE POINT
1244463 1273036714 6.9533891739130524 50.94948680434781 #INTERPOLATE POINT
1244463 1273036715 6.953298695652183 50.94945721739129 #INTERPOLATE POINT
1244463 1273036716 6.953208217391314 50.94942763043477 #INTERPOLATE POINT
1244463 1273036717 6.953117739130445 50.94939804347825 #INTERPOLATE POINT
1244463 1273036718 6.953027260869575 50.949368456521725 #INTERPOLATE POINT
1244463 1273036719 6.952936782608706 50.9493388695652 #INTERPOLATE POINT
1244463 1273036720 6.952846304347837 50.94930928260868 #INTERPOLATE POINT
1244463 1273036721 6.9527558260869675 50.94927969565216 #INTERPOLATE POINT
1244463 1273036722 6.952665347826098 50.94925010869564 #INTERPOLATE POINT
1244463 1273036723 6.952574869565229 50.949220521739115 #INTERPOLATE POINT
1244463 1273036724 6.95248439130436 50.94919093478259 #INTERPOLATE POINT
1244463 1273036725 6.95239391304349 50.94916134782607 #INTERPOLATE POINT
1244463 1273036726 6.952303434782621 50.94913176086955 #INTERPOLATE POINT
1244463 1273036727 6.952212956521752 50.949102173913026 #INTERPOLATE POINT
1244463 1273036728 6.952122478260883 50.949072586956504 #INTERPOLATE POINT
1244463 1273036729 6.952032 50.949043 #LAST INTERPOLATE POINT
1244463 1273036730 6.9519462 50.949011000000006 #INTERPOLATE POINT
1244463 1273036731 6.9518604 50.94897900000001 #INTERPOLATE POINT
1244463 1273036732 6.9517746 50.94894700000001 #INTERPOLATE POINT
1244463 1273036733 6.9516888 50.948915000000014 #INTERPOLATE POINT
1244463 1273036734 6.951603 50.948883000000016 #INTERPOLATE POINT
1244463 1273036735 6.9515172000000005 50.94885100000002 #INTERPOLATE POINT
1244463 1273036736 6.951431400000001 50.94881900000002 #INTERPOLATE POINT
1244463 1273036737 6.951345600000001 50.948787000000024 #INTERPOLATE POINT
1244463 1273036738 6.951259800000001 50.94875500000003 #INTERPOLATE POINT
1244463 1273036739 6.951174000000001 50.94872300000003 #INTERPOLATE POINT
1244463 1273036740 6.951088200000001 50.94869100000003 #INTERPOLATE POINT
1244463 1273036741 6.951002400000001 50.948659000000035 #INTERPOLATE POINT
1244463 1273036742 6.950916600000001 50.94862700000004 #INTERPOLATE POINT
1244463 1273036743 6.950830800000001 50.94859500000004 #INTERPOLATE POINT
1244463 1273036744 6.950745000000001 50.94856300000004 #INTERPOLATE POINT
1244463 1273036745 6.950659200000001 50.948531000000045 #INTERPOLATE POINT
1244463 1273036746 6.9505734000000015 50.94849900000005 #INTERPOLATE POINT
1244463 1273036747 6.9504876000000015 50.94846700000005 #INTERPOLATE POINT
1244463 1273036748 6.950401800000002 50.94843500000005 #INTERPOLATE POINT
1244463 1273036749 6.950316 50.948403 #LAST INTERPOLATE POINT
1244463 1273036750 6.950228469387755 50.94836757142857 #INTERPOLATE POINT
1244463 1273036751 6.950140938775511 50.94833214285714 #INTERPOLATE POINT
1244463 1273036752 6.950053408163266 50.94829671428571 #INTERPOLATE POINT
1244463 1273036753 6.949965877551022 50.94826128571428 #INTERPOLATE POINT
1244463 1273036754 6.949878346938777 50.94822585714285 #INTERPOLATE POINT
1244463 1273036755 6.949790816326533 50.94819042857142 #INTERPOLATE POINT
1244463 1273036756 6.949703285714288 50.94815499999999 #INTERPOLATE POINT
1244463 1273036757 6.949615755102044 50.94811957142856 #INTERPOLATE POINT
1244463 1273036758 6.949528224489799 50.948084142857134 #INTERPOLATE POINT
1244463 1273036759 6.949440693877555 50.948048714285704 #INTERPOLATE POINT
1244463 1273036760 6.94935316326531 50.948013285714275 #INTERPOLATE POINT
1244463 1273036761 6.9492656326530655 50.947977857142845 #INTERPOLATE POINT
1244463 1273036762 6.949178102040821 50.947942428571416 #INTERPOLATE POINT
1244463 1273036763 6.9490905714285764 50.94790699999999 #INTERPOLATE POINT
1244463 1273036764 6.949003040816332 50.94787157142856 #INTERPOLATE POINT
1244463 1273036765 6.948915510204087 50.94783614285713 #INTERPOLATE POINT
1244463 1273036766 6.948827979591843 50.9478007142857 #INTERPOLATE POINT
1244463 1273036767 6.948740448979598 50.94776528571427 #INTERPOLATE POINT
1244463 1273036768 6.948652918367354 50.94772985714284 #INTERPOLATE POINT
1244463 1273036769 6.948565387755109 50.94769442857141 #INTERPOLATE POINT
1244463 1273036770 6.948477857142865 50.94765899999998 #INTERPOLATE POINT
1244463 1273036771 6.94839032653062 50.94762357142855 #INTERPOLATE POINT
1244463 1273036772 6.948302795918376 50.94758814285712 #INTERPOLATE POINT
1244463 1273036773 6.948215265306131 50.94755271428569 #INTERPOLATE POINT
1244463 1273036774 6.948127734693887 50.94751728571426 #INTERPOLATE POINT
1244463 1273036775 6.948040204081642 50.94748185714283 #INTERPOLATE POINT
1244463 1273036776 6.9479526734693975 50.9474464285714 #INTERPOLATE POINT
1244463 1273036777 6.947865142857153 50.947410999999974 #INTERPOLATE POINT
1244463 1273036778 6.947777612244908 50.947375571428545 #INTERPOLATE POINT
1244463 1273036779 6.947690081632664 50.947340142857115 #INTERPOLATE POINT
1244463 1273036780 6.947602551020419 50.947304714285686 #INTERPOLATE POINT
1244463 1273036781 6.947515020408175 50.947269285714256 #INTERPOLATE POINT
1244463 1273036782 6.94742748979593 50.94723385714283 #INTERPOLATE POINT
1244463 1273036783 6.947339959183686 50.9471984285714 #INTERPOLATE POINT
1244463 1273036784 6.947252428571441 50.94716299999997 #INTERPOLATE POINT
1244463 1273036785 6.947164897959197 50.94712757142854 #INTERPOLATE POINT
1244463 1273036786 6.947077367346952 50.94709214285711 #INTERPOLATE POINT
1244463 1273036787 6.946989836734708 50.94705671428568 #INTERPOLATE POINT
1244463 1273036788 6.946902306122463 50.94702128571425 #INTERPOLATE POINT
1244463 1273036789 6.9468147755102185 50.94698585714282 #INTERPOLATE POINT
1244463 1273036790 6.946727244897974 50.94695042857139 #INTERPOLATE POINT
1244463 1273036791 6.9466397142857295 50.94691499999996 #INTERPOLATE POINT
1244463 1273036792 6.946552183673485 50.94687957142853 #INTERPOLATE POINT
1244463 1273036793 6.94646465306124 50.9468441428571 #INTERPOLATE POINT
1244463 1273036794 6.946377122448996 50.94680871428567 #INTERPOLATE POINT
1244463 1273036795 6.946289591836751 50.946773285714244 #INTERPOLATE POINT
1244463 1273036796 6.946202061224507 50.946737857142814 #INTERPOLATE POINT
1244463 1273036797 6.946114530612262 50.946702428571385 #INTERPOLATE POINT
1244463 1273036798 6.946027 50.946667 #LAST INTERPOLATE POINT
1244463 1273036799 6.9459855 50.9466075 #INTERPOLATE POINT
1244463 1273036800 6.945944 50.946548 #LAST INTERPOLATE POINT
