1570704 1273036320 6.97378 50.865113
1570704 1273036321 6.9738355 50.8647865 #INTERPOLATE POINT
1570704 1273036322 6.973891 50.86446 #LAST INTERPOLATE POINT
1570704 1273036323 6.974069 50.864465 #NO INTERPOLATE
1570704 1273036323 6.974174 50.864489500000005 #INTERPOLATE POINT
1570704 1273036324 6.974456999999999 50.864519 #INTERPOLATE POINT
1570704 1273036325 6.974739999999999 50.8645485 #INTERPOLATE POINT
1570704 1273036326 6.975023 50.864578 #LAST INTERPOLATE POINT
1570704 1273036327 6.975276 50.864600571428575 #INTERPOLATE POINT
1570704 1273036328 6.975529 50.86462314285715 #INTERPOLATE POINT
1570704 1273036329 6.975782 50.86464571428572 #INTERPOLATE POINT
1570704 1273036330 6.9760349999999995 50.864668285714295 #INTERPOLATE POINT
1570704 1273036331 6.976287999999999 50.86469085714287 #INTERPOLATE POINT
1570704 1273036332 6.976540999999999 50.86471342857144 #INTERPOLATE POINT
1570704 1273036333 6.976794 50.864736 #LAST INTERPOLATE POINT
1570704 1273036334 6.977092 50.864773666666665 #INTERPOLATE POINT
1570704 1273036335 6.97739 50.86481133333333 #INTERPOLATE POINT
1570704 1273036336 6.977688 50.864849 #LAST INTERPOLATE POINT
1570704 1273036337 6.977945 50.86489483333333 #INTERPOLATE POINT
1570704 1273036338 6.9782020000000005 50.86494066666666 #INTERPOLATE POINT
1570704 1273036339 6.978459000000001 50.86498649999999 #INTERPOLATE POINT
1570704 1273036340 6.978716000000001 50.865032333333325 #INTERPOLATE POINT
1570704 1273036341 6.978973000000002 50.865078166666656 #INTERPOLATE POINT
1570704 1273036342 6.97923 50.865124 #LAST INTERPOLATE POINT
1570704 1273036343 6.9795058 50.8651886 #INTERPOLATE POINT
1570704 1273036344 6.9797816 50.865253200000005 #INTERPOLATE POINT
1570704 1273036345 6.9800574 50.86531780000001 #INTERPOLATE POINT
1570704 1273036346 6.9803332 50.86538240000001 #INTERPOLATE POINT
1570704 1273036347 6.980609 50.865447 #LAST INTERPOLATE POINT
1570704 1273036348 6.9809725 50.8655565 #INTERPOLATE POINT
1570704 1273036349 6.981336 50.865666 #LAST INTERPOLATE POINT
1570704 1273036350 6.981336 50.865666 #NO INTERPOLATE
1570704 1273036350 6.981605142857143 50.865747285714285 #INTERPOLATE POINT
1570704 1273036351 6.981874285714286 50.86582857142857 #INTERPOLATE POINT
1570704 1273036352 6.98214342857143 50.86590985714286 #INTERPOLATE POINT
1570704 1273036353 6.982412571428573 50.86599114285715 #INTERPOLATE POINT
1570704 1273036354 6.982681714285716 50.866072428571435 #INTERPOLATE POINT
1570704 1273036355 6.98295085714286 50.86615371428572 #INTERPOLATE POINT
1570704 1273036356 6.98322 50.866235 #LAST INTERPOLATE POINT
1570704 1273036357 6.983553000000001 50.866323666666666 #INTERPOLATE POINT
1570704 1273036358 6.983886000000001 50.86641233333333 #INTERPOLATE POINT
1570704 1273036359 6.984219 50.866501 #LAST INTERPOLATE POINT
1570704 1273036360 6.984523666666667 50.866565333333334 #INTERPOLATE POINT
1570704 1273036361 6.984828333333334 50.86662966666667 #INTERPOLATE POINT
1570704 1273036362 6.985133 50.866694 #LAST INTERPOLATE POINT
1570704 1273036363 6.985472333333334 50.86674666666667 #INTERPOLATE POINT
1570704 1273036364 6.985811666666668 50.86679933333334 #INTERPOLATE POINT
1570704 1273036365 6.986151 50.866852 #LAST INTERPOLATE POINT
1570704 1273036366 6.986482642857143 50.86689257142857 #INTERPOLATE POINT
1570704 1273036367 6.986814285714286 50.86693314285714 #INTERPOLATE POINT
1570704 1273036368 6.987145928571429 50.86697371428571 #INTERPOLATE POINT
1570704 1273036369 6.987477571428571 50.86701428571428 #INTERPOLATE POINT
1570704 1273036370 6.987809214285714 50.867054857142854 #INTERPOLATE POINT
1570704 1273036371 6.988140857142857 50.867095428571425 #INTERPOLATE POINT
1570704 1273036372 6.988472499999999 50.867135999999995 #INTERPOLATE POINT
1570704 1273036373 6.988804142857142 50.867176571428566 #INTERPOLATE POINT
1570704 1273036374 6.989135785714285 50.867217142857136 #INTERPOLATE POINT
1570704 1273036375 6.9894674285714276 50.86725771428571 #INTERPOLATE POINT
1570704 1273036376 6.98979907142857 50.86729828571428 #INTERPOLATE POINT
1570704 1273036377 6.990130714285713 50.86733885714285 #INTERPOLATE POINT
1570704 1273036378 6.990462357142856 50.86737942857142 #INTERPOLATE POINT
1570704 1273036379 6.990794 50.86742 #LAST INTERPOLATE POINT
1570704 1273036379 6.990803 50.867309 #NO INTERPOLATE
1570704 1273036380 6.990794 50.86742 #NO INTERPOLATE
1570704 1273036380 6.990813 50.867613 #INTERPOLATE POINT
1570704 1273036381 6.990832 50.867805999999995 #INTERPOLATE POINT
1570704 1273036382 6.990851 50.867999 #LAST INTERPOLATE POINT
1570704 1273036383 6.9909433214285714 50.86816714285714 #INTERPOLATE POINT
1570704 1273036384 6.991035642857143 50.86833528571428 #INTERPOLATE POINT
1570704 1273036385 6.991127964285714 50.86850342857142 #INTERPOLATE POINT
1570704 1273036386 6.991220285714285 50.868671571428564 #INTERPOLATE POINT
1570704 1273036387 6.991312607142857 50.868839714285706 #INTERPOLATE POINT
1570704 1273036388 6.991404928571428 50.86900785714285 #INTERPOLATE POINT
1570704 1273036389 6.991497249999999 50.86917599999999 #INTERPOLATE POINT
1570704 1273036390 6.9915895714285705 50.86934414285713 #INTERPOLATE POINT
1570704 1273036391 6.991681892857142 50.86951228571427 #INTERPOLATE POINT
1570704 1273036392 6.991774214285713 50.869680428571414 #INTERPOLATE POINT
1570704 1273036393 6.991866535714284 50.869848571428555 #INTERPOLATE POINT
1570704 1273036394 6.991958857142856 50.8700167142857 #INTERPOLATE POINT
1570704 1273036395 6.992051178571427 50.87018485714284 #INTERPOLATE POINT
1570704 1273036396 6.992143499999998 50.87035299999998 #INTERPOLATE POINT
1570704 1273036397 6.99223582142857 50.87052114285712 #INTERPOLATE POINT
1570704 1273036398 6.992328142857141 50.87068928571426 #INTERPOLATE POINT
1570704 1273036399 6.992420464285712 50.870857428571405 #INTERPOLATE POINT
1570704 1273036400 6.9925127857142835 50.87102557142855 #INTERPOLATE POINT
1570704 1273036401 6.992605107142855 50.87119371428569 #INTERPOLATE POINT
1570704 1273036402 6.992697428571426 50.87136185714283 #INTERPOLATE POINT
1570704 1273036403 6.992789749999997 50.87152999999997 #INTERPOLATE POINT
1570704 1273036404 6.992882071428569 50.87169814285711 #INTERPOLATE POINT
1570704 1273036405 6.99297439285714 50.871866285714255 #INTERPOLATE POINT
1570704 1273036406 6.993066714285711 50.872034428571396 #INTERPOLATE POINT
1570704 1273036407 6.9931590357142825 50.87220257142854 #INTERPOLATE POINT
1570704 1273036408 6.993251357142854 50.87237071428568 #INTERPOLATE POINT
1570704 1273036409 6.993343678571425 50.87253885714282 #INTERPOLATE POINT
1570704 1273036410 6.993436 50.872707 #LAST INTERPOLATE POINT
1570704 1273036410 6.993436 50.872707 #NO INTERPOLATE
1570704 1273036411 6.99352194117647 50.872864117647055 #INTERPOLATE POINT
1570704 1273036412 6.993607882352941 50.87302123529411 #INTERPOLATE POINT
1570704 1273036413 6.993693823529411 50.87317835294117 #INTERPOLATE POINT
1570704 1273036414 6.993779764705882 50.87333547058822 #INTERPOLATE POINT
1570704 1273036415 6.993865705882352 50.87349258823528 #INTERPOLATE POINT
1570704 1273036416 6.9939516470588226 50.873649705882336 #INTERPOLATE POINT
1570704 1273036417 6.994037588235293 50.87380682352939 #INTERPOLATE POINT
1570704 1273036418 6.994123529411763 50.87396394117645 #INTERPOLATE POINT
1570704 1273036419 6.994209470588234 50.874121058823505 #INTERPOLATE POINT
1570704 1273036420 6.994295411764704 50.87427817647056 #INTERPOLATE POINT
1570704 1273036421 6.994381352941175 50.87443529411762 #INTERPOLATE POINT
1570704 1273036422 6.994467294117645 50.874592411764674 #INTERPOLATE POINT
1570704 1273036423 6.9945532352941155 50.87474952941173 #INTERPOLATE POINT
1570704 1273036424 6.994639176470586 50.874906647058786 #INTERPOLATE POINT
1570704 1273036425 6.994725117647056 50.87506376470584 #INTERPOLATE POINT
1570704 1273036426 6.994811058823527 50.8752208823529 #INTERPOLATE POINT
1570704 1273036427 6.994897 50.875378 #LAST INTERPOLATE POINT
1570704 1273036428 6.995017333333333 50.875517333333335 #INTERPOLATE POINT
1570704 1273036429 6.9951376666666665 50.87565666666667 #INTERPOLATE POINT
1570704 1273036430 6.995258 50.875796 #LAST INTERPOLATE POINT
1570704 1273036431 6.995423 50.87590466666667 #INTERPOLATE POINT
1570704 1273036432 6.995588 50.87601333333334 #INTERPOLATE POINT
1570704 1273036433 6.995753 50.876122 #LAST INTERPOLATE POINT
1570704 1273036434 6.995683857142857 50.87627542857143 #INTERPOLATE POINT
1570704 1273036435 6.995614714285714 50.87642885714286 #INTERPOLATE POINT
1570704 1273036436 6.995545571428571 50.87658228571429 #INTERPOLATE POINT
1570704 1273036437 6.995476428571428 50.87673571428572 #INTERPOLATE POINT
1570704 1273036438 6.995407285714285 50.87688914285715 #INTERPOLATE POINT
1570704 1273036439 6.995338142857142 50.87704257142858 #INTERPOLATE POINT
1570704 1273036440 6.995269 50.877196 #LAST INTERPOLATE POINT
1570704 1273036440 6.995269 50.877196 #NO INTERPOLATE
1570704 1273036441 6.9951958 50.8775118 #INTERPOLATE POINT
1570704 1273036442 6.9951226 50.8778276 #INTERPOLATE POINT
1570704 1273036443 6.9950494 50.878143400000006 #INTERPOLATE POINT
1570704 1273036444 6.9949762 50.87845920000001 #INTERPOLATE POINT
1570704 1273036445 6.994903 50.878775 #LAST INTERPOLATE POINT
1570704 1273036446 6.9947955 50.879025999999996 #INTERPOLATE POINT
1570704 1273036447 6.994688 50.879277 #LAST INTERPOLATE POINT
1570704 1273036448 6.994542333333333 50.879493000000004 #INTERPOLATE POINT
1570704 1273036449 6.994396666666667 50.879709000000005 #INTERPOLATE POINT
1570704 1273036450 6.994251 50.879925 #LAST INTERPOLATE POINT
1570704 1273036451 6.9940425 50.880132 #INTERPOLATE POINT
1570704 1273036452 6.993834 50.880339000000006 #INTERPOLATE POINT
1570704 1273036453 6.993625499999999 50.88054600000001 #INTERPOLATE POINT
1570704 1273036454 6.993417 50.880753 #LAST INTERPOLATE POINT
1570704 1273036455 6.993208 50.88091775 #INTERPOLATE POINT
1570704 1273036456 6.992999 50.881082500000005 #INTERPOLATE POINT
1570704 1273036457 6.99279 50.88124725000001 #INTERPOLATE POINT
1570704 1273036458 6.992581 50.88141200000001 #INTERPOLATE POINT
1570704 1273036459 6.9923720000000005 50.881576750000015 #INTERPOLATE POINT
1570704 1273036460 6.992163000000001 50.88174150000002 #INTERPOLATE POINT
1570704 1273036461 6.991954000000001 50.88190625000002 #INTERPOLATE POINT
1570704 1273036462 6.991745000000001 50.882071000000025 #INTERPOLATE POINT
1570704 1273036463 6.991536000000001 50.88223575000003 #INTERPOLATE POINT
1570704 1273036464 6.991327000000001 50.88240050000003 #INTERPOLATE POINT
1570704 1273036465 6.991118000000001 50.882565250000034 #INTERPOLATE POINT
1570704 1273036466 6.990909000000001 50.88273000000004 #INTERPOLATE POINT
1570704 1273036467 6.990700000000001 50.88289475000004 #INTERPOLATE POINT
1570704 1273036468 6.990491000000001 50.883059500000044 #INTERPOLATE POINT
1570704 1273036469 6.990282000000001 50.88322425000005 #INTERPOLATE POINT
1570704 1273036470 6.990073 50.883389 #LAST INTERPOLATE POINT
1570704 1273036470 6.990073 50.883389 #NO INTERPOLATE
1570704 1273036471 6.9898525 50.8835701 #INTERPOLATE POINT
1570704 1273036472 6.989631999999999 50.8837512 #INTERPOLATE POINT
1570704 1273036473 6.989411499999999 50.8839323 #INTERPOLATE POINT
1570704 1273036474 6.989190999999999 50.8841134 #INTERPOLATE POINT
1570704 1273036475 6.988970499999999 50.884294499999996 #INTERPOLATE POINT
1570704 1273036476 6.988749999999999 50.884475599999995 #INTERPOLATE POINT
1570704 1273036477 6.9885294999999985 50.884656699999994 #INTERPOLATE POINT
1570704 1273036478 6.988308999999998 50.88483779999999 #INTERPOLATE POINT
1570704 1273036479 6.988088499999998 50.88501889999999 #INTERPOLATE POINT
1570704 1273036480 6.987868 50.8852 #LAST INTERPOLATE POINT
1570704 1273036481 6.987635399999999 50.885368799999995 #INTERPOLATE POINT
1570704 1273036482 6.987402799999999 50.88553759999999 #INTERPOLATE POINT
1570704 1273036483 6.987170199999999 50.88570639999999 #INTERPOLATE POINT
1570704 1273036484 6.986937599999998 50.88587519999999 #INTERPOLATE POINT
1570704 1273036485 6.986705 50.886044 #LAST INTERPOLATE POINT
1570704 1273036486 6.986470199999999 50.886209199999996 #INTERPOLATE POINT
1570704 1273036487 6.986235399999999 50.886374399999994 #INTERPOLATE POINT
1570704 1273036488 6.986000599999999 50.88653959999999 #INTERPOLATE POINT
1570704 1273036489 6.9857657999999985 50.88670479999999 #INTERPOLATE POINT
1570704 1273036490 6.985531 50.88687 #LAST INTERPOLATE POINT
1570704 1273036491 6.9853125 50.8870073 #INTERPOLATE POINT
1570704 1273036492 6.985094 50.8871446 #INTERPOLATE POINT
1570704 1273036493 6.9848755 50.8872819 #INTERPOLATE POINT
1570704 1273036494 6.984657 50.8874192 #INTERPOLATE POINT
1570704 1273036495 6.9844385 50.887556499999995 #INTERPOLATE POINT
1570704 1273036496 6.9842200000000005 50.887693799999994 #INTERPOLATE POINT
1570704 1273036497 6.984001500000001 50.88783109999999 #INTERPOLATE POINT
1570704 1273036498 6.983783000000001 50.88796839999999 #INTERPOLATE POINT
1570704 1273036499 6.983564500000001 50.88810569999999 #INTERPOLATE POINT
1570704 1273036500 6.983346 50.888243 #LAST INTERPOLATE POINT
1570704 1273036500 6.983346 50.888243 #NO INTERPOLATE
1570704 1273036501 6.983208666666667 50.888325111111115 #INTERPOLATE POINT
1570704 1273036502 6.983071333333334 50.88840722222223 #INTERPOLATE POINT
1570704 1273036503 6.982934000000001 50.88848933333334 #INTERPOLATE POINT
1570704 1273036504 6.982796666666668 50.88857144444445 #INTERPOLATE POINT
1570704 1273036505 6.982659333333335 50.888653555555564 #INTERPOLATE POINT
1570704 1273036506 6.982522000000002 50.888735666666676 #INTERPOLATE POINT
1570704 1273036507 6.982384666666669 50.88881777777779 #INTERPOLATE POINT
1570704 1273036508 6.982247333333336 50.8888998888889 #INTERPOLATE POINT
1570704 1273036509 6.98211 50.888982 #LAST INTERPOLATE POINT
1570704 1273036510 6.9819679 50.8890758 #INTERPOLATE POINT
1570704 1273036511 6.9818258 50.8891696 #INTERPOLATE POINT
1570704 1273036512 6.9816837000000005 50.889263400000004 #INTERPOLATE POINT
1570704 1273036513 6.981541600000001 50.889357200000006 #INTERPOLATE POINT
1570704 1273036514 6.981399500000001 50.88945100000001 #INTERPOLATE POINT
1570704 1273036515 6.981257400000001 50.88954480000001 #INTERPOLATE POINT
1570704 1273036516 6.981115300000002 50.88963860000001 #INTERPOLATE POINT
1570704 1273036517 6.980973200000002 50.889732400000014 #INTERPOLATE POINT
1570704 1273036518 6.980831100000002 50.889826200000016 #INTERPOLATE POINT
1570704 1273036519 6.980689 50.88992 #LAST INTERPOLATE POINT
1570704 1273036520 6.9805667499999995 50.890038 #INTERPOLATE POINT
1570704 1273036521 6.980444499999999 50.890156 #INTERPOLATE POINT
1570704 1273036522 6.980322249999999 50.890274 #INTERPOLATE POINT
1570704 1273036523 6.9802 50.890392 #LAST INTERPOLATE POINT
1570704 1273036524 6.9801145 50.89050725 #INTERPOLATE POINT
1570704 1273036525 6.980029 50.8906225 #INTERPOLATE POINT
1570704 1273036526 6.9799435 50.89073775 #INTERPOLATE POINT
1570704 1273036527 6.979858 50.890853 #LAST INTERPOLATE POINT
1570704 1273036528 6.979789333333334 50.89096833333333 #INTERPOLATE POINT
1570704 1273036529 6.979720666666667 50.89108366666667 #INTERPOLATE POINT
1570704 1273036530 6.979652 50.891199 #LAST INTERPOLATE POINT
1570704 1273036530 6.979652 50.891199 #NO INTERPOLATE
1570704 1273036531 6.9795845 50.891388500000005 #INTERPOLATE POINT
1570704 1273036532 6.979517 50.891578 #LAST INTERPOLATE POINT
1570704 1273036533 6.979486666666667 50.89175516666667 #INTERPOLATE POINT
1570704 1273036534 6.979456333333334 50.89193233333334 #INTERPOLATE POINT
1570704 1273036535 6.979426000000001 50.892109500000004 #INTERPOLATE POINT
1570704 1273036536 6.979395666666668 50.89228666666667 #INTERPOLATE POINT
1570704 1273036537 6.979365333333335 50.89246383333334 #INTERPOLATE POINT
1570704 1273036538 6.979335 50.892641 #LAST INTERPOLATE POINT
1570704 1273036539 6.979275666666666 50.89277533333333 #INTERPOLATE POINT
1570704 1273036540 6.979216333333333 50.89290966666667 #INTERPOLATE POINT
1570704 1273036541 6.979157 50.893044 #LAST INTERPOLATE POINT
1570704 1273036542 6.9790605 50.8931745 #INTERPOLATE POINT
1570704 1273036543 6.978964 50.893305 #LAST INTERPOLATE POINT
1570704 1273036544 6.978828 50.8934395 #INTERPOLATE POINT
1570704 1273036545 6.978692 50.893574 #LAST INTERPOLATE POINT
1570704 1273036546 6.978560333333333 50.893662 #INTERPOLATE POINT
1570704 1273036547 6.978428666666667 50.89375 #INTERPOLATE POINT
1570704 1273036548 6.978297 50.893838 #LAST INTERPOLATE POINT
1570704 1273036549 6.978137200000001 50.8939171 #INTERPOLATE POINT
1570704 1273036550 6.9779774 50.893996200000004 #INTERPOLATE POINT
1570704 1273036551 6.9778176 50.894075300000004 #INTERPOLATE POINT
1570704 1273036552 6.977657799999999 50.894154400000005 #INTERPOLATE POINT
1570704 1273036553 6.977497999999999 50.894233500000006 #INTERPOLATE POINT
1570704 1273036554 6.977338199999998 50.894312600000006 #INTERPOLATE POINT
1570704 1273036555 6.977178399999998 50.89439170000001 #INTERPOLATE POINT
1570704 1273036556 6.977018599999997 50.89447080000001 #INTERPOLATE POINT
1570704 1273036557 6.976858799999997 50.89454990000001 #INTERPOLATE POINT
1570704 1273036558 6.976699 50.894629 #LAST INTERPOLATE POINT
1570704 1273036559 6.9766615000000005 50.894716 #INTERPOLATE POINT
1570704 1273036560 6.976624 50.894803 #LAST INTERPOLATE POINT
1570704 1273036560 6.976624 50.894803 #NO INTERPOLATE
1570704 1273036560 6.976651 50.895013 #NO INTERPOLATE
1570704 1273036561 6.976983818181818 50.895098272727274 #INTERPOLATE POINT
1570704 1273036562 6.977343636363636 50.895393545454546 #INTERPOLATE POINT
1570704 1273036563 6.977703454545454 50.89568881818182 #INTERPOLATE POINT
1570704 1273036564 6.978063272727272 50.89598409090909 #INTERPOLATE POINT
1570704 1273036565 6.978423090909089 50.89627936363636 #INTERPOLATE POINT
1570704 1273036566 6.978782909090907 50.89657463636363 #INTERPOLATE POINT
1570704 1273036567 6.979142727272725 50.8968699090909 #INTERPOLATE POINT
1570704 1273036568 6.979502545454543 50.897165181818174 #INTERPOLATE POINT
1570704 1273036569 6.979862363636361 50.897460454545445 #INTERPOLATE POINT
1570704 1273036570 6.980222181818179 50.89775572727272 #INTERPOLATE POINT
1570704 1273036571 6.980582 50.898051 #LAST INTERPOLATE POINT
1570704 1273036571 6.980812 50.89801 #NO INTERPOLATE
1570704 1273036572 6.9802136875 50.8977871875 #INTERPOLATE POINT
1570704 1273036573 6.979845375 50.897523375 #INTERPOLATE POINT
1570704 1273036574 6.9794770625 50.8972595625 #INTERPOLATE POINT
1570704 1273036575 6.97910875 50.896995749999995 #INTERPOLATE POINT
1570704 1273036576 6.9787404375 50.89673193749999 #INTERPOLATE POINT
1570704 1273036577 6.978372125 50.89646812499999 #INTERPOLATE POINT
1570704 1273036578 6.9780038125 50.89620431249999 #INTERPOLATE POINT
1570704 1273036579 6.9776355 50.89594049999999 #INTERPOLATE POINT
1570704 1273036580 6.9772671875 50.895676687499986 #INTERPOLATE POINT
1570704 1273036581 6.976898875 50.895412874999984 #INTERPOLATE POINT
1570704 1273036582 6.9765305625 50.89514906249998 #INTERPOLATE POINT
1570704 1273036583 6.97616225 50.89488524999998 #INTERPOLATE POINT
1570704 1273036584 6.9757939375 50.89462143749998 #INTERPOLATE POINT
1570704 1273036585 6.975425625 50.89435762499998 #INTERPOLATE POINT
1570704 1273036586 6.9750573125 50.894093812499975 #INTERPOLATE POINT
1570704 1273036587 6.974689 50.89383 #LAST INTERPOLATE POINT
1570704 1273036588 6.974214 50.893502 #NO INTERPOLATE
1570704 1273036588 6.974291 50.89360166666667 #INTERPOLATE POINT
1570704 1273036589 6.973893 50.89337333333334 #INTERPOLATE POINT
1570704 1273036590 6.973495 50.893145 #LAST INTERPOLATE POINT
1570704 1273036590 6.973495 50.893145 #NO INTERPOLATE
1570704 1273036591 6.973248 50.893063999999995 #INTERPOLATE POINT
1570704 1273036592 6.973001 50.892982999999994 #INTERPOLATE POINT
1570704 1273036593 6.972754 50.892902 #LAST INTERPOLATE POINT
1570704 1273036594 6.972574666666667 50.89286233333333 #INTERPOLATE POINT
1570704 1273036595 6.972395333333333 50.89282266666667 #INTERPOLATE POINT
1570704 1273036596 6.972216 50.892783 #LAST INTERPOLATE POINT
1570704 1273036597 6.972056333333334 50.892762 #INTERPOLATE POINT
1570704 1273036598 6.971896666666667 50.892740999999994 #INTERPOLATE POINT
1570704 1273036599 6.971737 50.89272 #LAST INTERPOLATE POINT
1570704 1273036600 6.971525714285715 50.89270714285714 #INTERPOLATE POINT
1570704 1273036601 6.9713144285714295 50.892694285714285 #INTERPOLATE POINT
1570704 1273036602 6.971103142857144 50.89268142857143 #INTERPOLATE POINT
1570704 1273036603 6.970891857142859 50.89266857142857 #INTERPOLATE POINT
1570704 1273036604 6.970680571428574 50.892655714285716 #INTERPOLATE POINT
1570704 1273036605 6.970469285714288 50.89264285714286 #INTERPOLATE POINT
1570704 1273036606 6.970258 50.89263 #LAST INTERPOLATE POINT
1570704 1273036607 6.970054857142857 50.89262228571428 #INTERPOLATE POINT
1570704 1273036608 6.969851714285714 50.89261457142857 #INTERPOLATE POINT
1570704 1273036609 6.969648571428571 50.89260685714285 #INTERPOLATE POINT
1570704 1273036610 6.9694454285714285 50.89259914285714 #INTERPOLATE POINT
1570704 1273036611 6.9692422857142855 50.89259142857142 #INTERPOLATE POINT
1570704 1273036612 6.9690391428571425 50.892583714285706 #INTERPOLATE POINT
1570704 1273036613 6.968836 50.892576 #LAST INTERPOLATE POINT
1570704 1273036614 6.968655 50.89257766666667 #INTERPOLATE POINT
1570704 1273036615 6.9684740000000005 50.89257933333334 #INTERPOLATE POINT
1570704 1273036616 6.968293 50.892581 #LAST INTERPOLATE POINT
1570704 1273036617 6.967999 50.892628 #NO INTERPOLATE
1570704 1273036617 6.9681035 50.892655000000005 #INTERPOLATE POINT
1570704 1273036618 6.967914 50.892729 #LAST INTERPOLATE POINT
1570704 1273036619 6.967797 50.8928005 #INTERPOLATE POINT
1570704 1273036620 6.96768 50.892872 #LAST INTERPOLATE POINT
1570704 1273036620 6.96768 50.892872 #NO INTERPOLATE
1570704 1273036621 6.967456 50.89301 #NO INTERPOLATE
1570704 1273036621 6.967523 50.8929895 #INTERPOLATE POINT
1570704 1273036622 6.967366 50.893107 #LAST INTERPOLATE POINT
1570704 1273036623 6.9673315 50.893205 #INTERPOLATE POINT
1570704 1273036624 6.967297 50.893303 #LAST INTERPOLATE POINT
1570704 1273036625 6.967265730769231 50.893434500000005 #INTERPOLATE POINT
1570704 1273036626 6.967234461538462 50.89356600000001 #INTERPOLATE POINT
1570704 1273036627 6.967203192307693 50.89369750000001 #INTERPOLATE POINT
1570704 1273036628 6.967171923076924 50.89382900000001 #INTERPOLATE POINT
1570704 1273036629 6.967140653846155 50.89396050000001 #INTERPOLATE POINT
1570704 1273036630 6.9671093846153855 50.894092000000015 #INTERPOLATE POINT
1570704 1273036631 6.967078115384616 50.89422350000002 #INTERPOLATE POINT
1570704 1273036632 6.967046846153847 50.89435500000002 #INTERPOLATE POINT
1570704 1273036633 6.967015576923078 50.89448650000002 #INTERPOLATE POINT
1570704 1273036634 6.966984307692309 50.89461800000002 #INTERPOLATE POINT
1570704 1273036635 6.96695303846154 50.894749500000025 #INTERPOLATE POINT
1570704 1273036636 6.966921769230771 50.89488100000003 #INTERPOLATE POINT
1570704 1273036637 6.966890500000002 50.89501250000003 #INTERPOLATE POINT
1570704 1273036638 6.9668592307692325 50.89514400000003 #INTERPOLATE POINT
1570704 1273036639 6.966827961538463 50.89527550000003 #INTERPOLATE POINT
1570704 1273036640 6.966796692307694 50.895407000000034 #INTERPOLATE POINT
1570704 1273036641 6.966765423076925 50.895538500000036 #INTERPOLATE POINT
1570704 1273036642 6.966734153846156 50.89567000000004 #INTERPOLATE POINT
1570704 1273036643 6.966702884615387 50.89580150000004 #INTERPOLATE POINT
1570704 1273036644 6.966671615384618 50.89593300000004 #INTERPOLATE POINT
1570704 1273036645 6.966640346153849 50.896064500000044 #INTERPOLATE POINT
1570704 1273036646 6.9666090769230795 50.896196000000046 #INTERPOLATE POINT
1570704 1273036647 6.96657780769231 50.89632750000005 #INTERPOLATE POINT
1570704 1273036648 6.966546538461541 50.89645900000005 #INTERPOLATE POINT
1570704 1273036649 6.966515269230772 50.89659050000005 #INTERPOLATE POINT
1570704 1273036650 6.966484 50.896722 #LAST INTERPOLATE POINT
1570704 1273036650 6.966484 50.896722 #NO INTERPOLATE
1570704 1273036651 6.966450571428572 50.89686052380952 #INTERPOLATE POINT
1570704 1273036652 6.966417142857144 50.89699904761905 #INTERPOLATE POINT
1570704 1273036653 6.9663837142857155 50.89713757142857 #INTERPOLATE POINT
1570704 1273036654 6.966350285714287 50.8972760952381 #INTERPOLATE POINT
1570704 1273036655 6.966316857142859 50.89741461904762 #INTERPOLATE POINT
1570704 1273036656 6.966283428571431 50.89755314285715 #INTERPOLATE POINT
1570704 1273036657 6.966250000000002 50.897691666666674 #INTERPOLATE POINT
1570704 1273036658 6.966216571428574 50.8978301904762 #INTERPOLATE POINT
1570704 1273036659 6.966183142857146 50.897968714285724 #INTERPOLATE POINT
1570704 1273036660 6.966149714285717 50.89810723809525 #INTERPOLATE POINT
1570704 1273036661 6.966116285714289 50.898245761904775 #INTERPOLATE POINT
1570704 1273036662 6.966082857142861 50.8983842857143 #INTERPOLATE POINT
1570704 1273036663 6.9660494285714325 50.898522809523826 #INTERPOLATE POINT
1570704 1273036664 6.966016000000004 50.89866133333335 #INTERPOLATE POINT
1570704 1273036665 6.965982571428576 50.898799857142876 #INTERPOLATE POINT
1570704 1273036666 6.965949142857148 50.8989383809524 #INTERPOLATE POINT
1570704 1273036667 6.965915714285719 50.89907690476193 #INTERPOLATE POINT
1570704 1273036668 6.965882285714291 50.89921542857145 #INTERPOLATE POINT
1570704 1273036669 6.965848857142863 50.89935395238098 #INTERPOLATE POINT
1570704 1273036670 6.965815428571434 50.8994924761905 #INTERPOLATE POINT
1570704 1273036671 6.965782 50.899631 #LAST INTERPOLATE POINT
1570704 1273036672 6.965746888888889 50.89975811111111 #INTERPOLATE POINT
1570704 1273036673 6.965711777777778 50.899885222222224 #INTERPOLATE POINT
1570704 1273036674 6.965676666666667 50.900012333333336 #INTERPOLATE POINT
1570704 1273036675 6.965641555555556 50.90013944444445 #INTERPOLATE POINT
1570704 1273036676 6.965606444444445 50.90026655555556 #INTERPOLATE POINT
1570704 1273036677 6.965571333333334 50.90039366666667 #INTERPOLATE POINT
1570704 1273036678 6.965536222222223 50.900520777777785 #INTERPOLATE POINT
1570704 1273036679 6.965501111111112 50.9006478888889 #INTERPOLATE POINT
1570704 1273036680 6.965466 50.900775 #LAST INTERPOLATE POINT
1570704 1273036680 6.965466 50.900775 #NO INTERPOLATE
1570704 1273036681 6.9654323181818185 50.90089231818182 #INTERPOLATE POINT
1570704 1273036682 6.965398636363637 50.90100963636364 #INTERPOLATE POINT
1570704 1273036683 6.965364954545455 50.90112695454546 #INTERPOLATE POINT
1570704 1273036684 6.965331272727274 50.90124427272728 #INTERPOLATE POINT
1570704 1273036685 6.965297590909092 50.901361590909104 #INTERPOLATE POINT
1570704 1273036686 6.96526390909091 50.901478909090926 #INTERPOLATE POINT
1570704 1273036687 6.965230227272729 50.90159622727275 #INTERPOLATE POINT
1570704 1273036688 6.965196545454547 50.90171354545457 #INTERPOLATE POINT
1570704 1273036689 6.965162863636365 50.90183086363639 #INTERPOLATE POINT
1570704 1273036690 6.965129181818184 50.90194818181821 #INTERPOLATE POINT
1570704 1273036691 6.965095500000002 50.902065500000035 #INTERPOLATE POINT
1570704 1273036692 6.9650618181818205 50.902182818181856 #INTERPOLATE POINT
1570704 1273036693 6.965028136363639 50.90230013636368 #INTERPOLATE POINT
1570704 1273036694 6.964994454545457 50.9024174545455 #INTERPOLATE POINT
1570704 1273036695 6.9649607727272755 50.90253477272732 #INTERPOLATE POINT
1570704 1273036696 6.964927090909094 50.90265209090914 #INTERPOLATE POINT
1570704 1273036697 6.964893409090912 50.902769409090965 #INTERPOLATE POINT
1570704 1273036698 6.964859727272731 50.90288672727279 #INTERPOLATE POINT
1570704 1273036699 6.964826045454549 50.90300404545461 #INTERPOLATE POINT
1570704 1273036700 6.964792363636367 50.90312136363643 #INTERPOLATE POINT
1570704 1273036701 6.964758681818186 50.90323868181825 #INTERPOLATE POINT
1570704 1273036702 6.964725 50.903356 #LAST INTERPOLATE POINT
1570704 1273036703 6.964757499999999 50.903468000000004 #INTERPOLATE POINT
1570704 1273036704 6.96479 50.90358 #LAST INTERPOLATE POINT
1570704 1273036705 6.964849 50.903629499999994 #INTERPOLATE POINT
1570704 1273036706 6.964908 50.903679 #LAST INTERPOLATE POINT
1570704 1273036707 6.9650195 50.903683 #INTERPOLATE POINT
1570704 1273036708 6.965131 50.903687000000005 #INTERPOLATE POINT
1570704 1273036709 6.9652425000000004 50.90369100000001 #INTERPOLATE POINT
1570704 1273036710 6.965354 50.903695 #LAST INTERPOLATE POINT
1570704 1273036710 6.965354 50.903695 #NO INTERPOLATE
1570704 1273036711 6.965433125 50.903700125 #INTERPOLATE POINT
1570704 1273036712 6.96551225 50.90370525 #INTERPOLATE POINT
1570704 1273036713 6.965591375 50.903710375 #INTERPOLATE POINT
1570704 1273036714 6.9656705 50.903715500000004 #INTERPOLATE POINT
1570704 1273036715 6.965749625 50.903720625000005 #INTERPOLATE POINT
1570704 1273036716 6.96582875 50.90372575000001 #INTERPOLATE POINT
1570704 1273036717 6.965907875 50.90373087500001 #INTERPOLATE POINT
1570704 1273036718 6.965987 50.903736 #LAST INTERPOLATE POINT
1570704 1273036719 6.966017 50.903843 #NO INTERPOLATE
1570704 1273036719 6.965975333333334 50.90380066666667 #INTERPOLATE POINT
1570704 1273036720 6.965963666666667 50.903865333333336 #INTERPOLATE POINT
1570704 1273036721 6.965952 50.90393 #LAST INTERPOLATE POINT
1570704 1273036722 6.9658745263157895 50.90392657894737 #INTERPOLATE POINT
1570704 1273036723 6.965797052631579 50.90392315789474 #INTERPOLATE POINT
1570704 1273036724 6.965719578947369 50.903919736842106 #INTERPOLATE POINT
1570704 1273036725 6.965642105263159 50.90391631578947 #INTERPOLATE POINT
1570704 1273036726 6.965564631578949 50.90391289473684 #INTERPOLATE POINT
1570704 1273036727 6.965487157894739 50.90390947368421 #INTERPOLATE POINT
1570704 1273036728 6.965409684210528 50.90390605263158 #INTERPOLATE POINT
1570704 1273036729 6.965332210526318 50.903902631578944 #INTERPOLATE POINT
1570704 1273036730 6.965254736842108 50.90389921052631 #INTERPOLATE POINT
1570704 1273036731 6.965177263157898 50.90389578947368 #INTERPOLATE POINT
1570704 1273036732 6.965099789473688 50.90389236842105 #INTERPOLATE POINT
1570704 1273036733 6.9650223157894775 50.903888947368415 #INTERPOLATE POINT
1570704 1273036734 6.964944842105267 50.90388552631578 #INTERPOLATE POINT
1570704 1273036735 6.964867368421057 50.90388210526315 #INTERPOLATE POINT
1570704 1273036736 6.964789894736847 50.90387868421052 #INTERPOLATE POINT
1570704 1273036737 6.964712421052637 50.903875263157886 #INTERPOLATE POINT
1570704 1273036738 6.964634947368427 50.903871842105254 #INTERPOLATE POINT
1570704 1273036739 6.964557473684216 50.90386842105262 #INTERPOLATE POINT
1570704 1273036740 6.96448 50.903865 #LAST INTERPOLATE POINT
1570704 1273036740 6.96448 50.903865 #NO INTERPOLATE
1570704 1273036741 6.9639975 50.90385916666667 #INTERPOLATE POINT
1570704 1273036742 6.963514999999999 50.90385333333334 #INTERPOLATE POINT
1570704 1273036743 6.963032499999999 50.903847500000005 #INTERPOLATE POINT
1570704 1273036744 6.9625499999999985 50.90384166666667 #INTERPOLATE POINT
1570704 1273036745 6.962067499999998 50.90383583333334 #INTERPOLATE POINT
1570704 1273036746 6.961585 50.90383 #LAST INTERPOLATE POINT
1570704 1273036747 6.961131 50.903727 #NO INTERPOLATE
1570704 1273036747 6.961161 50.90365 #NO INTERPOLATE
1570704 1273036747 6.961171 50.903772 #NO INTERPOLATE
1570704 1273036747 6.961936111111111 50.903812888888886 #INTERPOLATE POINT
1570704 1273036748 6.962287222222222 50.90379577777777 #INTERPOLATE POINT
1570704 1273036749 6.962638333333333 50.90377866666666 #INTERPOLATE POINT
1570704 1273036750 6.962989444444443 50.90376155555555 #INTERPOLATE POINT
1570704 1273036751 6.963340555555554 50.903744444444435 #INTERPOLATE POINT
1570704 1273036752 6.963691666666665 50.90372733333332 #INTERPOLATE POINT
1570704 1273036753 6.964042777777776 50.90371022222221 #INTERPOLATE POINT
1570704 1273036754 6.964393888888886 50.903693111111096 #INTERPOLATE POINT
1570704 1273036755 6.964745 50.903676 #LAST INTERPOLATE POINT
1570704 1273036756 6.965147333333333 50.90376066666666 #INTERPOLATE POINT
1570704 1273036757 6.965549666666667 50.90384533333333 #INTERPOLATE POINT
1570704 1273036758 6.965952 50.90393 #LAST INTERPOLATE POINT
1570704 1273036758 6.965987 50.903736 #NO INTERPOLATE
1570704 1273036758 6.966017 50.903843 #NO INTERPOLATE
1570704 1273036759 6.965483333333333 50.90390933333334 #INTERPOLATE POINT
1570704 1273036760 6.965014666666667 50.903888666666674 #INTERPOLATE POINT
1570704 1273036761 6.964546 50.903868 #LAST INTERPOLATE POINT
1570704 1273036762 6.9644305555555555 50.90427833333334 #INTERPOLATE POINT
1570704 1273036763 6.964315111111111 50.90468866666667 #INTERPOLATE POINT
1570704 1273036764 6.964199666666666 50.90509900000001 #INTERPOLATE POINT
1570704 1273036765 6.964084222222221 50.90550933333334 #INTERPOLATE POINT
1570704 1273036766 6.963968777777776 50.90591966666668 #INTERPOLATE POINT
1570704 1273036767 6.963853333333331 50.90633000000001 #INTERPOLATE POINT
1570704 1273036768 6.963737888888886 50.906740333333346 #INTERPOLATE POINT
1570704 1273036769 6.963622444444441 50.90715066666668 #INTERPOLATE POINT
1570704 1273036770 6.963507 50.907561 #LAST INTERPOLATE POINT
1570704 1273036770 6.963507 50.907561 #NO INTERPOLATE
1570704 1273036771 6.963477566666667 50.90766 #INTERPOLATE POINT
1570704 1273036772 6.963448133333333 50.907759 #INTERPOLATE POINT
1570704 1273036773 6.9634187 50.907858 #INTERPOLATE POINT
1570704 1273036774 6.963389266666667 50.907956999999996 #INTERPOLATE POINT
1570704 1273036775 6.9633598333333335 50.908055999999995 #INTERPOLATE POINT
1570704 1273036776 6.9633304 50.908154999999994 #INTERPOLATE POINT
1570704 1273036777 6.963300966666667 50.90825399999999 #INTERPOLATE POINT
1570704 1273036778 6.963271533333334 50.90835299999999 #INTERPOLATE POINT
1570704 1273036779 6.9632421 50.90845199999999 #INTERPOLATE POINT
1570704 1273036780 6.963212666666667 50.90855099999999 #INTERPOLATE POINT
1570704 1273036781 6.963183233333334 50.90864999999999 #INTERPOLATE POINT
1570704 1273036782 6.963153800000001 50.908748999999986 #INTERPOLATE POINT
1570704 1273036783 6.963124366666667 50.908847999999985 #INTERPOLATE POINT
1570704 1273036784 6.963094933333334 50.90894699999998 #INTERPOLATE POINT
1570704 1273036785 6.963065500000001 50.90904599999998 #INTERPOLATE POINT
1570704 1273036786 6.9630360666666675 50.90914499999998 #INTERPOLATE POINT
1570704 1273036787 6.963006633333334 50.90924399999998 #INTERPOLATE POINT
1570704 1273036788 6.962977200000001 50.90934299999998 #INTERPOLATE POINT
1570704 1273036789 6.962947766666668 50.90944199999998 #INTERPOLATE POINT
1570704 1273036790 6.962918333333334 50.909540999999976 #INTERPOLATE POINT
1570704 1273036791 6.962888900000001 50.909639999999975 #INTERPOLATE POINT
1570704 1273036792 6.962859466666668 50.90973899999997 #INTERPOLATE POINT
1570704 1273036793 6.962830033333335 50.90983799999997 #INTERPOLATE POINT
1570704 1273036794 6.962800600000001 50.90993699999997 #INTERPOLATE POINT
1570704 1273036795 6.962771166666668 50.91003599999997 #INTERPOLATE POINT
1570704 1273036796 6.962741733333335 50.91013499999997 #INTERPOLATE POINT
1570704 1273036797 6.9627123000000015 50.91023399999997 #INTERPOLATE POINT
1570704 1273036798 6.962682866666668 50.910332999999966 #INTERPOLATE POINT
1570704 1273036799 6.962653433333335 50.910431999999965 #INTERPOLATE POINT
1570704 1273036800 6.962624 50.910531 #LAST INTERPOLATE POINT
1570704 1273036800 6.962624 50.910531 #NO INTERPOLATE
1570704 1273036801 6.962584 50.910659333333335 #INTERPOLATE POINT
1570704 1273036802 6.962543999999999 50.91078766666667 #INTERPOLATE POINT
1570704 1273036803 6.962504 50.910916 #LAST INTERPOLATE POINT
1570704 1273036804 6.9625175 50.91107725 #INTERPOLATE POINT
1570704 1273036805 6.962530999999999 50.911238499999996 #INTERPOLATE POINT
1570704 1273036806 6.962544499999999 50.911399749999994 #INTERPOLATE POINT
1570704 1273036807 6.962558 50.911561 #LAST INTERPOLATE POINT
1570704 1273036808 6.9625245 50.91167333333333 #INTERPOLATE POINT
1570704 1273036809 6.962491 50.91178566666667 #INTERPOLATE POINT
1570704 1273036810 6.9624575 50.911898 #INTERPOLATE POINT
1570704 1273036811 6.962424 50.912010333333335 #INTERPOLATE POINT
1570704 1273036812 6.962390500000001 50.91212266666667 #INTERPOLATE POINT
1570704 1273036813 6.962357 50.912235 #LAST INTERPOLATE POINT
1570704 1273036814 6.962349 50.91242 #NO INTERPOLATE
1570704 1273036814 6.9623074 50.9123724 #INTERPOLATE POINT
1570704 1273036815 6.962257800000001 50.9125098 #INTERPOLATE POINT
1570704 1273036816 6.962208200000001 50.9126472 #INTERPOLATE POINT
1570704 1273036817 6.962158600000001 50.9127846 #INTERPOLATE POINT
1570704 1273036818 6.962109 50.912922 #LAST INTERPOLATE POINT
1570704 1273036819 6.962076333333333 50.91304208333334 #INTERPOLATE POINT
1570704 1273036820 6.962043666666666 50.91316216666667 #INTERPOLATE POINT
1570704 1273036821 6.9620109999999995 50.91328225000001 #INTERPOLATE POINT
1570704 1273036822 6.961978333333333 50.913402333333345 #INTERPOLATE POINT
1570704 1273036823 6.961945666666666 50.91352241666668 #INTERPOLATE POINT
1570704 1273036824 6.961912999999999 50.913642500000016 #INTERPOLATE POINT
1570704 1273036825 6.961880333333332 50.91376258333335 #INTERPOLATE POINT
1570704 1273036826 6.9618476666666655 50.91388266666669 #INTERPOLATE POINT
1570704 1273036827 6.961814999999999 50.91400275000002 #INTERPOLATE POINT
1570704 1273036828 6.961782333333332 50.91412283333336 #INTERPOLATE POINT
1570704 1273036829 6.961749666666665 50.914242916666694 #INTERPOLATE POINT
1570704 1273036830 6.961717 50.914363 #LAST INTERPOLATE POINT
1570704 1273036830 6.961717 50.914363 #NO INTERPOLATE
1570704 1273036831 6.961702 50.914444 #NO INTERPOLATE
1570704 1273036831 6.961725333333334 50.914442 #INTERPOLATE POINT
1570704 1273036832 6.961733666666667 50.914521 #INTERPOLATE POINT
1570704 1273036833 6.961742 50.9146 #LAST INTERPOLATE POINT
1570704 1273036833 6.961772 50.91455 #NO INTERPOLATE
1570704 1273036834 6.96169 50.914617 #INTERPOLATE POINT
1570704 1273036835 6.961638 50.914634 #INTERPOLATE POINT
1570704 1273036836 6.961586 50.914651 #LAST INTERPOLATE POINT
1570704 1273036837 6.9615618999999995 50.9147167 #INTERPOLATE POINT
1570704 1273036838 6.961537799999999 50.9147824 #INTERPOLATE POINT
1570704 1273036839 6.961513699999999 50.9148481 #INTERPOLATE POINT
1570704 1273036840 6.961489599999999 50.9149138 #INTERPOLATE POINT
1570704 1273036841 6.961465499999999 50.9149795 #INTERPOLATE POINT
1570704 1273036842 6.961441399999999 50.9150452 #INTERPOLATE POINT
1570704 1273036843 6.961417299999999 50.9151109 #INTERPOLATE POINT
1570704 1273036844 6.961393199999999 50.9151766 #INTERPOLATE POINT
1570704 1273036845 6.961369099999999 50.9152423 #INTERPOLATE POINT
1570704 1273036846 6.961345 50.915308 #LAST INTERPOLATE POINT
1570704 1273036847 6.96131325 50.915366750000004 #INTERPOLATE POINT
1570704 1273036848 6.9612815 50.915425500000005 #INTERPOLATE POINT
1570704 1273036849 6.96124975 50.915484250000006 #INTERPOLATE POINT
1570704 1273036850 6.961218 50.915543 #LAST INTERPOLATE POINT
1570704 1273036851 6.9612019 50.9156093 #INTERPOLATE POINT
1570704 1273036852 6.9611858 50.9156756 #INTERPOLATE POINT
1570704 1273036853 6.9611697 50.9157419 #INTERPOLATE POINT
1570704 1273036854 6.9611536 50.9158082 #INTERPOLATE POINT
1570704 1273036855 6.9611375 50.9158745 #INTERPOLATE POINT
1570704 1273036856 6.961121400000001 50.9159408 #INTERPOLATE POINT
1570704 1273036857 6.961105300000001 50.9160071 #INTERPOLATE POINT
1570704 1273036858 6.961089200000001 50.9160734 #INTERPOLATE POINT
1570704 1273036859 6.961073100000001 50.9161397 #INTERPOLATE POINT
1570704 1273036860 6.961057 50.916206 #LAST INTERPOLATE POINT
1570704 1273036860 6.961057 50.916206 #NO INTERPOLATE
1570704 1273036860 6.961057 50.916206 #NO INTERPOLATE
1570704 1273036861 6.961057 50.916206 #INTERPOLATE POINT
1570704 1273036862 6.961057 50.916206 #INTERPOLATE POINT
1570704 1273036863 6.961057 50.916206 #INTERPOLATE POINT
1570704 1273036864 6.961057 50.916206 #INTERPOLATE POINT
1570704 1273036865 6.961057 50.916206 #INTERPOLATE POINT
1570704 1273036866 6.961057 50.916206 #INTERPOLATE POINT
1570704 1273036867 6.961057 50.916206 #INTERPOLATE POINT
1570704 1273036868 6.961057 50.916206 #INTERPOLATE POINT
1570704 1273036869 6.961057 50.916206 #INTERPOLATE POINT
1570704 1273036870 6.961057 50.916206 #INTERPOLATE POINT
1570704 1273036871 6.961057 50.916206 #INTERPOLATE POINT
1570704 1273036872 6.961057 50.916206 #INTERPOLATE POINT
1570704 1273036873 6.961057 50.916206 #INTERPOLATE POINT
1570704 1273036874 6.961057 50.916206 #INTERPOLATE POINT
1570704 1273036875 6.961057 50.916206 #INTERPOLATE POINT
1570704 1273036876 6.961057 50.916206 #INTERPOLATE POINT
1570704 1273036877 6.961057 50.916206 #INTERPOLATE POINT
1570704 1273036878 6.961057 50.916206 #INTERPOLATE POINT
1570704 1273036879 6.961057 50.916206 #INTERPOLATE POINT
1570704 1273036880 6.961057 50.916206 #INTERPOLATE POINT
1570704 1273036881 6.961057 50.916206 #INTERPOLATE POINT
1570704 1273036882 6.961057 50.916206 #INTERPOLATE POINT
1570704 1273036883 6.961057 50.916206 #INTERPOLATE POINT
1570704 1273036884 6.961057 50.916206 #INTERPOLATE POINT
1570704 1273036885 6.961057 50.916206 #INTERPOLATE POINT
1570704 1273036886 6.961057 50.916206 #INTERPOLATE POINT
1570704 1273036887 6.961057 50.916206 #INTERPOLATE POINT
1570704 1273036888 6.961057 50.916206 #INTERPOLATE POINT
1570704 1273036889 6.961057 50.916206 #INTERPOLATE POINT
1570704 1273036890 6.961057 50.916206 #LAST INTERPOLATE POINT
1570704 1273036891 6.961030933333333 50.916295266666665 #INTERPOLATE POINT
1570704 1273036892 6.961004866666666 50.91638453333333 #INTERPOLATE POINT
1570704 1273036893 6.9609787999999995 50.91647379999999 #INTERPOLATE POINT
1570704 1273036894 6.9609527333333325 50.916563066666654 #INTERPOLATE POINT
1570704 1273036895 6.960926666666666 50.91665233333332 #INTERPOLATE POINT
1570704 1273036896 6.960900599999999 50.91674159999998 #INTERPOLATE POINT
1570704 1273036897 6.960874533333332 50.91683086666664 #INTERPOLATE POINT
1570704 1273036898 6.960848466666665 50.916920133333306 #INTERPOLATE POINT
1570704 1273036899 6.960822399999998 50.91700939999997 #INTERPOLATE POINT
1570704 1273036900 6.960796333333331 50.91709866666663 #INTERPOLATE POINT
1570704 1273036901 6.960770266666664 50.917187933333295 #INTERPOLATE POINT
1570704 1273036902 6.960744199999997 50.91727719999996 #INTERPOLATE POINT
1570704 1273036903 6.96071813333333 50.91736646666662 #INTERPOLATE POINT
1570704 1273036904 6.960692066666663 50.917455733333284 #INTERPOLATE POINT
1570704 1273036905 6.960666 50.917545 #LAST INTERPOLATE POINT
1570704 1273036906 6.960755866666666 50.91755853333333 #INTERPOLATE POINT
1570704 1273036907 6.960845733333333 50.91757206666666 #INTERPOLATE POINT
1570704 1273036908 6.960935599999999 50.91758559999999 #INTERPOLATE POINT
1570704 1273036909 6.9610254666666656 50.91759913333332 #INTERPOLATE POINT
1570704 1273036910 6.961115333333332 50.91761266666665 #INTERPOLATE POINT
1570704 1273036911 6.961205199999998 50.91762619999998 #INTERPOLATE POINT
1570704 1273036912 6.961295066666665 50.91763973333331 #INTERPOLATE POINT
1570704 1273036913 6.961384933333331 50.91765326666664 #INTERPOLATE POINT
1570704 1273036914 6.961474799999998 50.91766679999997 #INTERPOLATE POINT
1570704 1273036915 6.961564666666664 50.9176803333333 #INTERPOLATE POINT
1570704 1273036916 6.961654533333331 50.91769386666663 #INTERPOLATE POINT
1570704 1273036917 6.961744399999997 50.91770739999996 #INTERPOLATE POINT
1570704 1273036918 6.9618342666666635 50.91772093333329 #INTERPOLATE POINT
1570704 1273036919 6.96192413333333 50.91773446666662 #INTERPOLATE POINT
1570704 1273036920 6.962014 50.917748 #LAST INTERPOLATE POINT
